 0  0    0    0     1.18894
 0  0    0    1     1.23417
 0  0    0    2     1.2258
 0  0    0    3     1.24566
 0  0    0    4     1.21319
 0  0    0    5     1.22555
 0  0    0    6     1.38807
 0  0    0    7     1.30002
 0  0    0    8     1.44175
 0  0    0    9     1.28904
 0  0    0    10     1.21929
 0  0    0    11     1.31174
 0  0    0    12     1.04999
 0  0    0    13     1.2929
 0  0    0    14     1.19042
 0  0    0    15     1.24333
 0  0    0    16     1.15997
 0  0    0    17     1.3254
 0  0    0    18     1.33676
 0  0    0    19     1.25742
 0  0    0    20     1.28895
 0  0    0    21     1.7305
 0  0    0    22     1.60557
 0  0    0    23     1.30582
 0  0    0    24     1.30111
 0  0    0    25     1.50718
 0  0    0    26     1.65472
 0  0    0    27     1.24751
 0  0    0    28     1.63338
 0  0    0    29     1.29156
 0  0    0    30     1.23485
 0  0    0    31     1.24833
 0  0    1    0     1.30567
 0  0    1    1     1.42988
 0  0    1    2     1.2804
 0  0    1    3     0.930543
 0  0    1    4     1.32433
 0  0    1    5     1.41555
 0  0    1    6     1.17336
 0  0    1    7     1.07049
 0  0    1    8     1.22611
 0  0    1    9     1.1816
 0  0    1    10     1.08597
 0  0    1    11     1.10909
 0  0    1    12     1.24653
 0  0    1    13     1.40798
 0  0    1    14     1.5483
 0  0    1    15     1.22238
 0  0    1    16     1.47958
 0  0    1    17     1.48812
 0  0    1    18     1.45105
 0  0    1    19     1.22692
 0  0    1    20     1.19567
 0  0    1    21     1.05614
 0  0    1    22     1.04251
 0  0    1    23     1.15816
 0  0    1    24     1.08972
 0  0    1    25     1.02357
 0  0    1    26     1.01719
 0  0    1    27     1.13189
 0  0    1    28     1.17157
 0  0    1    29     0.985336
 0  0    1    30     0.973277
 0  0    1    31     1.35829
 0  0    2    0     0.919397
 0  0    2    1     1.01955
 0  0    2    2     1.19637
 0  0    2    3     1.6043
 0  0    2    4     1.02222
 0  0    2    5     1.03332
 0  0    2    6     1.03606
 0  0    2    7     1.02302
 0  0    2    8     1.13228
 0  0    2    9     1.20749
 0  0    2    10     1.0339
 0  0    2    11     1.2635
 0  0    2    12     1.26691
 0  0    2    13     1.19463
 0  0    2    14     1.23754
 0  0    2    15     1.22226
 0  0    2    16     1.21105
 0  0    2    17     1.18105
 0  0    2    18     1.17862
 0  0    2    19     1.10528
 0  0    2    20     1.1303
 0  0    2    21     1.3498
 0  0    2    22     1.33194
 0  0    2    23     1.22003
 0  0    2    24     1.11252
 0  0    2    25     1.22678
 0  0    2    26     1.18547
 0  0    2    27     1.208
 0  0    2    28     1.2425
 0  0    2    29     1.45401
 0  0    2    30     1.43519
 0  0    2    31     1.02836
 0  0    3    0     1.58053
 0  0    3    1     1.08704
 0  0    3    2     1.09727
 0  0    3    3     1.06658
 0  0    3    4     1.10353
 0  0    3    5     0.97635
 0  0    3    6     1.06513
 0  0    3    7     1.06746
 0  0    3    8     1.10818
 0  0    3    9     1.01595
 0  0    3    10     1.02273
 0  0    3    11     1.07151
 0  0    3    12     1.06608
 0  0    3    13     1.23118
 0  0    3    14     1.16423
 0  0    3    15     1.50541
 0  0    3    16     1.18255
 0  0    3    17     1.15689
 0  0    3    18     1.26145
 0  0    3    19     1.37558
 0  0    3    20     1.21603
 0  0    3    21     1.08561
 0  0    3    22     1.12589
 0  0    3    23     1.27266
 0  0    3    24     1.28607
 0  0    3    25     1.096
 0  0    3    26     1.06435
 0  0    3    27     1.52804
 0  0    3    28     0.990568
 0  0    3    29     1.46464
 0  0    3    30     1.33103
 0  0    3    31     1.03521
 0  0    4    0     1.15814
 0  0    4    1     1.33742
 0  0    4    2     1.30354
 0  0    4    3     0.995792
 0  0    4    4     1.30882
 0  0    4    5     1.29031
 0  0    4    6     1.33492
 0  0    4    7     1.4269
 0  0    4    8     1.12898
 0  0    4    9     1.23704
 0  0    4    10     1.42888
 0  0    4    11     1.32074
 0  0    4    12     1.46576
 0  0    4    13     1.24662
 0  0    4    14     1.28909
 0  0    4    15     1.2857
 0  0    4    16     1.35624
 0  0    4    17     1.26217
 0  0    4    18     1.2523
 0  0    4    19     1.20896
 0  0    4    20     1.33834
 0  0    4    21     1.43631
 0  0    4    22     1.2981
 0  0    4    23     1.38515
 0  0    4    24     1.38376
 0  0    4    25     1.32263
 0  0    4    26     1.45337
 0  0    4    27     1.27995
 0  0    4    28     1.05877
 0  0    4    29     1.19248
 0  0    4    30     1.1813
 0  0    4    31     1.38665
 0  0    5    0     1.39989
 0  0    5    1     1.23938
 0  0    5    2     1.20351
 0  0    5    3     1.09103
 0  0    5    4     1.21466
 0  0    5    5     0.997955
 0  0    5    6     1.1968
 0  0    5    7     1.242
 0  0    5    8     1.14419
 0  0    5    9     1.18236
 0  0    5    10     1.15058
 0  0    5    11     1.14899
 0  0    5    12     1.10845
 0  0    5    13     1.12029
 0  0    5    14     1.11596
 0  0    5    15     1.50371
 0  0    5    16     1.22826
 0  0    5    17     1.38961
 0  0    5    18     1.14595
 0  0    5    19     1.46745
 0  0    5    20     1.80949
 0  0    5    21     1.44393
 0  0    5    22     1.24969
 0  0    5    23     1.1847
 0  0    5    24     1.64524
 0  0    5    25     1.53243
 0  0    5    26     1.10468
 0  0    5    27     1.15691
 0  0    5    28     1.21331
 0  0    5    29     1.55736
 0  0    5    30     1.48507
 0  0    5    31     1.16889
 0  0    6    0     1.20044
 0  0    6    1     1.04724
 0  0    6    2     0.941629
 0  0    6    3     1.30487
 0  0    6    4     1.27505
 0  0    6    5     1.32989
 0  0    6    6     1.36887
 0  0    6    7     1.14627
 0  0    6    8     1.31145
 0  0    6    9     1.34842
 0  0    6    10     1.38549
 0  0    6    11     1.01532
 0  0    6    12     1.75025
 0  0    6    13     1.21323
 0  0    6    14     1.2872
 0  0    6    15     1.01891
 0  0    6    16     1.76881
 0  0    6    17     1.24161
 0  0    6    18     1.19361
 0  0    6    19     0.964929
 0  0    6    20     1.12394
 0  0    6    21     1.322
 0  0    6    22     1.11213
 0  0    6    23     1.01929
 0  0    6    24     1.15998
 0  0    6    25     1.09881
 0  0    6    26     1.09133
 0  0    6    27     1.05672
 0  0    6    28     1.3845
 0  0    6    29     1.63922
 0  0    6    30     1.207
 0  0    6    31     1.41529
 0  0    7    0     1.24115
 0  0    7    1     1.36584
 0  0    7    2     1.33128
 0  0    7    3     1.03031
 0  0    7    4     1.1654
 0  0    7    5     1.23009
 0  0    7    6     1.20291
 0  0    7    7     1.27981
 0  0    7    8     1.05157
 0  0    7    9     1.09011
 0  0    7    10     1.12576
 0  0    7    11     1.23502
 0  0    7    12     1.05554
 0  0    7    13     1.24414
 0  0    7    14     1.05079
 0  0    7    15     1.12485
 0  0    7    16     0.953223
 0  0    7    17     1.03606
 0  0    7    18     1.08269
 0  0    7    19     1.06559
 0  0    7    20     1.03334
 0  0    7    21     1.13898
 0  0    7    22     1.13823
 0  0    7    23     1.16766
 0  0    7    24     1.0819
 0  0    7    25     1.11258
 0  0    7    26     1.01467
 0  0    7    27     1.19865
 0  0    7    28     1.2893
 0  0    7    29     1.23689
 0  0    7    30     1.13125
 0  0    7    31     1.13202
 0  0    8    0     1.02401
 0  0    8    1     1.37608
 0  0    8    2     1.28866
 0  0    8    3     0.997492
 0  0    8    4     1.42664
 0  0    8    5     1.30246
 0  0    8    6     1.36041
 0  0    8    7     1.24788
 0  0    8    8     1.23929
 0  0    8    9     1.16083
 0  0    8    10     1.17382
 0  0    8    11     1.30703
 0  0    8    12     1.05641
 0  0    8    13     1.30741
 0  0    8    14     1.22103
 0  0    8    15     1.52948
 0  0    8    16     1.01637
 0  0    8    17     1.39021
 0  0    8    18     1.24978
 0  0    8    19     1.26381
 0  0    8    20     1.2814
 0  0    8    21     1.24022
 0  0    8    22     1.23678
 0  0    8    23     1.24447
 0  0    8    24     1.19736
 0  0    8    25     1.18496
 0  0    8    26     1.33985
 0  0    8    27     1.24855
 0  0    8    28     1.10435
 0  0    8    29     0.998773
 0  0    8    30     1.14693
 0  0    8    31     1.41679
 0  0    9    0     1.02223
 0  0    9    1     1.13589
 0  0    9    2     1.1544
 0  0    9    3     1.43553
 0  0    9    4     1.30758
 0  0    9    5     1.32365
 0  0    9    6     1.34978
 0  0    9    7     1.41754
 0  0    9    8     1.22956
 0  0    9    9     1.38149
 0  0    9    10     1.35836
 0  0    9    11     1.22415
 0  0    9    12     1.25522
 0  0    9    13     1.66092
 0  0    9    14     1.44715
 0  0    9    15     1.22689
 0  0    9    16     1.3945
 0  0    9    17     1.42602
 0  0    9    18     1.27273
 0  0    9    19     1.20547
 0  0    9    20     1.22516
 0  0    9    21     1.41076
 0  0    9    22     1.15316
 0  0    9    23     1.23876
 0  0    9    24     1.14581
 0  0    9    25     1.267
 0  0    9    26     1.13842
 0  0    9    27     1.20264
 0  0    9    28     1.10234
 0  0    9    29     1.1989
 0  0    9    30     1.2475
 0  0    9    31     1.09995
 0  0    10    0     1.17544
 0  0    10    1     1.5279
 0  0    10    2     1.33161
 0  0    10    3     0.986773
 0  0    10    4     1.23556
 0  0    10    5     1.30972
 0  0    10    6     1.33716
 0  0    10    7     1.03215
 0  0    10    8     1.13977
 0  0    10    9     1.1833
 0  0    10    10     1.21924
 0  0    10    11     1.38116
 0  0    10    12     0.935307
 0  0    10    13     1.13741
 0  0    10    14     1.1457
 0  0    10    15     1.24487
 0  0    10    16     1.07161
 0  0    10    17     1.22255
 0  0    10    18     1.14136
 0  0    10    19     1.24277
 0  0    10    20     0.988397
 0  0    10    21     1.12446
 0  0    10    22     1.2072
 0  0    10    23     1.19054
 0  0    10    24     1.2069
 0  0    10    25     1.18518
 0  0    10    26     1.11631
 0  0    10    27     1.20502
 0  0    10    28     1.17432
 0  0    10    29     1.2338
 0  0    10    30     1.12961
 0  0    10    31     1.22112
 0  0    11    0     1.41478
 0  0    11    1     1.56575
 0  0    11    2     1.25774
 0  0    11    3     1.3472
 0  0    11    4     1.33346
 0  0    11    5     1.57312
 0  0    11    6     1.20847
 0  0    11    7     0.879165
 0  0    11    8     1.31749
 0  0    11    9     1.51758
 0  0    11    10     1.14122
 0  0    11    11     1.11406
 0  0    11    12     1.42857
 0  0    11    13     1.1343
 0  0    11    14     1.0879
 0  0    11    15     0.866725
 0  0    11    16     1.43272
 0  0    11    17     1.14544
 0  0    11    18     1.06667
 0  0    11    19     0.868028
 0  0    11    20     0.878599
 0  0    11    21     0.971253
 0  0    11    22     0.989322
 0  0    11    23     1.30609
 0  0    11    24     1.2724
 0  0    11    25     1.09209
 0  0    11    26     1.04551
 0  0    11    27     1.22141
 0  0    11    28     1.21175
 0  0    11    29     1.21601
 0  0    11    30     1.18435
 0  0    11    31     1.23009
 0  0    12    0     1.37563
 0  0    12    1     1.11861
 0  0    12    2     1.05679
 0  0    12    3     1.1916
 0  0    12    4     0.987897
 0  0    12    5     1.27035
 0  0    12    6     1.2835
 0  0    12    7     1.59195
 0  0    12    8     1.05342
 0  0    12    9     1.33003
 0  0    12    10     1.35517
 0  0    12    11     1.51302
 0  0    12    12     0.90498
 0  0    12    13     1.3541
 0  0    12    14     1.48929
 0  0    12    15     2.02314
 0  0    12    16     0.943694
 0  0    12    17     1.64257
 0  0    12    18     1.61811
 0  0    12    19     1.76955
 0  0    12    20     1.4592
 0  0    12    21     1.27952
 0  0    12    22     1.78456
 0  0    12    23     1.19637
 0  0    12    24     1.29084
 0  0    12    25     1.2952
 0  0    12    26     1.38544
 0  0    12    27     1.14741
 0  0    12    28     1.06658
 0  0    12    29     1.3074
 0  0    12    30     1.26592
 0  0    12    31     1.0604
 0  0    13    0     1.11573
 0  0    13    1     0.9947
 0  0    13    2     1.20682
 0  0    13    3     1.59773
 0  0    13    4     1.56238
 0  0    13    5     1.28586
 0  0    13    6     1.30074
 0  0    13    7     1.28315
 0  0    13    8     1.3347
 0  0    13    9     1.1953
 0  0    13    10     1.2782
 0  0    13    11     1.38423
 0  0    13    12     1.52465
 0  0    13    13     1.29186
 0  0    13    14     1.33264
 0  0    13    15     1.23617
 0  0    13    16     1.19797
 0  0    13    17     1.21327
 0  0    13    18     1.17747
 0  0    13    19     1.37376
 0  0    13    20     1.0336
 0  0    13    21     1.32417
 0  0    13    22     1.42791
 0  0    13    23     1.40852
 0  0    13    24     0.973905
 0  0    13    25     1.28304
 0  0    13    26     1.08254
 0  0    13    27     1.20252
 0  0    13    28     1.00705
 0  0    13    29     1.5044
 0  0    13    30     1.10034
 0  0    13    31     1.37082
 0  0    14    0     1.15953
 0  0    14    1     1.31355
 0  0    14    2     1.30582
 0  0    14    3     1.4244
 0  0    14    4     1.30375
 0  0    14    5     1.25137
 0  0    14    6     1.24374
 0  0    14    7     1.39459
 0  0    14    8     1.20369
 0  0    14    9     1.2442
 0  0    14    10     1.32439
 0  0    14    11     1.31982
 0  0    14    12     1.29863
 0  0    14    13     1.31344
 0  0    14    14     1.264
 0  0    14    15     1.13165
 0  0    14    16     1.23305
 0  0    14    17     1.35906
 0  0    14    18     1.37286
 0  0    14    19     1.2209
 0  0    14    20     1.15469
 0  0    14    21     1.76737
 0  0    14    22     1.78333
 0  0    14    23     1.25362
 0  0    14    24     1.38526
 0  0    14    25     1.80285
 0  0    14    26     1.42818
 0  0    14    27     1.34766
 0  0    14    28     1.30984
 0  0    14    29     1.33569
 0  0    14    30     1.33975
 0  0    14    31     1.76213
 0  0    15    0     1.14273
 0  0    15    1     1.13817
 0  0    15    2     1.2873
 0  0    15    3     1.19713
 0  0    15    4     0.944802
 0  0    15    5     1.29478
 0  0    15    6     1.3213
 0  0    15    7     1.2687
 0  0    15    8     1.0286
 0  0    15    9     1.45484
 0  0    15    10     1.20317
 0  0    15    11     1.2376
 0  0    15    12     0.942955
 0  0    15    13     1.21116
 0  0    15    14     1.13481
 0  0    15    15     1.44639
 0  0    15    16     0.921752
 0  0    15    17     1.18246
 0  0    15    18     1.07507
 0  0    15    19     1.49463
 0  0    15    20     0.848679
 0  0    15    21     1.07195
 0  0    15    22     1.00752
 0  0    15    23     1.16358
 0  0    15    24     0.891455
 0  0    15    25     1.10896
 0  0    15    26     1.0117
 0  0    15    27     0.926818
 0  0    15    28     1.06742
 0  0    15    29     0.989062
 0  0    15    30     0.955157
 0  0    15    31     0.947272
 0  0    16    0     1.21312
 0  0    16    1     1.25547
 0  0    16    2     1.24076
 0  0    16    3     1.1384
 0  0    16    4     1.23138
 0  0    16    5     1.10282
 0  0    16    6     1.04191
 0  0    16    7     1.26685
 0  0    16    8     1.18451
 0  0    16    9     1.05506
 0  0    16    10     1.10157
 0  0    16    11     1.3644
 0  0    16    12     1.47964
 0  0    16    13     1.34183
 0  0    16    14     1.32639
 0  0    16    15     1.51829
 0  0    16    16     1.4097
 0  0    16    17     1.35858
 0  0    16    18     1.25295
 0  0    16    19     1.25809
 0  0    16    20     0.977707
 0  0    16    21     1.15284
 0  0    16    22     1.07118
 0  0    16    23     1.35099
 0  0    16    24     0.938559
 0  0    16    25     1.06086
 0  0    16    26     0.992282
 0  0    16    27     1.25794
 0  0    16    28     1.04355
 0  0    16    29     0.839605
 0  0    16    30     1.04467
 0  0    16    31     0.926534
 0  0    17    0     1.09444
 0  0    17    1     1.23334
 0  0    17    2     1.25727
 0  0    17    3     1.08633
 0  0    17    4     1.55345
 0  0    17    5     1.4849
 0  0    17    6     1.443
 0  0    17    7     1.31525
 0  0    17    8     1.44308
 0  0    17    9     1.47034
 0  0    17    10     1.39922
 0  0    17    11     1.4984
 0  0    17    12     1.45218
 0  0    17    13     1.34138
 0  0    17    14     1.316
 0  0    17    15     1.14121
 0  0    17    16     1.26432
 0  0    17    17     1.2613
 0  0    17    18     1.18494
 0  0    17    19     1.01287
 0  0    17    20     1.19152
 0  0    17    21     1.0708
 0  0    17    22     1.05619
 0  0    17    23     1.14509
 0  0    17    24     1.0937
 0  0    17    25     1.24768
 0  0    17    26     1.11822
 0  0    17    27     1.15967
 0  0    17    28     0.879492
 0  0    17    29     1.09744
 0  0    17    30     1.06973
 0  0    17    31     0.949133
 0  0    18    0     1.07536
 0  0    18    1     1.19155
 0  0    18    2     1.3754
 0  0    18    3     1.35601
 0  0    18    4     1.20029
 0  0    18    5     1.29966
 0  0    18    6     1.19143
 0  0    18    7     1.19864
 0  0    18    8     1.25729
 0  0    18    9     1.22948
 0  0    18    10     1.10774
 0  0    18    11     1.19627
 0  0    18    12     1.10936
 0  0    18    13     1.46257
 0  0    18    14     1.42685
 0  0    18    15     1.36077
 0  0    18    16     1.04202
 0  0    18    17     1.48566
 0  0    18    18     1.24998
 0  0    18    19     1.1603
 0  0    18    20     1.07152
 0  0    18    21     1.08732
 0  0    18    22     1.22402
 0  0    18    23     1.14378
 0  0    18    24     1.08607
 0  0    18    25     0.985545
 0  0    18    26     1.02647
 0  0    18    27     0.970219
 0  0    18    28     1.00568
 0  0    18    29     1.101
 0  0    18    30     1.11383
 0  0    18    31     1.00424
 0  0    19    0     1.15522
 0  0    19    1     1.18768
 0  0    19    2     1.54246
 0  0    19    3     1.60899
 0  0    19    4     1.21865
 0  0    19    5     1.20871
 0  0    19    6     1.17574
 0  0    19    7     0.999389
 0  0    19    8     1.1778
 0  0    19    9     1.16801
 0  0    19    10     1.19481
 0  0    19    11     1.17906
 0  0    19    12     1.21843
 0  0    19    13     1.52112
 0  0    19    14     1.40293
 0  0    19    15     1.74497
 0  0    19    16     1.10631
 0  0    19    17     1.37537
 0  0    19    18     1.29691
 0  0    19    19     2.13267
 0  0    19    20     1.03973
 0  0    19    21     1.47192
 0  0    19    22     1.04541
 0  0    19    23     1.08905
 0  0    19    24     1.33625
 0  0    19    25     1.06199
 0  0    19    26     1.22918
 0  0    19    27     0.991006
 0  0    19    28     1.03219
 0  0    19    29     1.67068
 0  0    19    30     1.25234
 0  0    19    31     1.15647
 0  0    20    0     1.23105
 0  0    20    1     1.32646
 0  0    20    2     1.24729
 0  0    20    3     1.36537
 0  0    20    4     1.33276
 0  0    20    5     1.51965
 0  0    20    6     1.64254
 0  0    20    7     2.05346
 0  0    20    8     1.31645
 0  0    20    9     0.992406
 0  0    20    10     1.64999
 0  0    20    11     1.69696
 0  0    20    12     1.64441
 0  0    20    13     1.7984
 0  0    20    14     1.50204
 0  0    20    15     1.35666
 0  0    20    16     1.38737
 0  0    20    17     1.46037
 0  0    20    18     1.70854
 0  0    20    19     1.8441
 0  0    20    20     1.58489
 0  0    20    21     1.18929
 0  0    21    0     1.28486
 0  0    21    1     1.31625
 0  0    21    2     1.01935
 0  0    21    3     0.997294
 0  0    21    4     1.11225
 0  0    21    5     1.21319
 0  0    21    6     0.989752
 0  0    21    7     1.20378
 0  0    21    8     1.01468
 0  0    21    9     1.24615
 0  0    21    10     1.25793
 0  0    21    11     1.45474
 0  0    21    12     1.10515
 0  0    21    13     1.33472
 0  0    21    14     1.14088
 0  0    21    15     1.63243
 0  0    21    16     1.33552
 0  0    21    17     1.61935
 0  0    21    18     1.2
 0  0    21    19     1.2
 0  0    21    20     1.54219
 0  0    21    21     1.2
 0  0    22    0     1.41286
 0  0    22    1     1.61716
 0  0    22    2     1.57982
 0  0    22    3     1.08962
 0  0    22    4     1.21979
 0  0    22    5     1.47909
 0  0    22    6     1.38197
 0  0    22    7     1.77471
 0  0    22    8     1.64622
 0  0    22    9     1.5044
 0  0    22    10     1.44895
 0  0    22    11     1.52286
 0  0    22    12     1.01505
 0  0    22    13     0.77709
 0  0    22    14     1.058
 0  0    22    15     1.11159
 0  0    22    16     1.02234
 0  0    22    17     1.14177
 0  0    22    18     1.35541
 0  0    22    19     1.1703
 0  0    22    20     1.23677
 0  0    22    21     1.12033
 0  0    22    22     1.30825
 0  0    22    23     1.27468
 0  0    22    24     1.48749
 0  0    22    25     1.12465
 0  0    22    26     1.22425
 0  0    22    27     0.958082
 0  0    22    28     1.18344
 0  0    22    29     0.948166
 0  0    22    30     0.91852
 0  0    22    31     1.02024
 0  0    23    0     1.28002
 0  0    23    1     1.60074
 0  0    23    2     2.13828
 0  0    23    3     1.57674
 0  0    23    4     1.58994
 0  0    23    5     1.54535
 0  0    23    6     1.48911
 0  0    23    7     2.0358
 0  0    23    8     2.12757
 0  0    23    9     1.53429
 0  0    23    10     1.3467
 0  0    23    11     1.44335
 0  0    23    12     1.68074
 0  0    23    13     1.76851
 0  0    23    14     1.38919
 0  0    23    15     2.4437
 0  0    23    16     0.437475
 0  0    23    17     1.42664
 0  0    23    18     1.87661
 0  0    23    19     1.26049
 0  0    23    20     1.00529
 0  0    23    21     1.21671
 0  0    23    22     1.39695
 0  0    23    23     1.24339
 0  0    23    24     1.28609
 0  0    23    25     1.3323
 0  0    23    26     1.38911
 0  0    23    27     1.2
 0  0    23    28     1.2
 0  0    23    29     1.79579
 0  0    23    30     1.42337
 0  0    23    31     0.767719
 0  1    0    0     1.27106
 0  1    0    1     1.23408
 0  1    0    2     1.2276
 0  1    0    3     1.25004
 0  1    0    4     1.2843
 0  1    0    5     1.40275
 0  1    0    6     1.31862
 0  1    0    7     1.17441
 0  1    0    8     1.32351
 0  1    0    9     1.36007
 0  1    0    10     1.48946
 0  1    0    11     1.27235
 0  1    0    12     1.39909
 0  1    0    13     1.40957
 0  1    0    14     1.14958
 0  1    0    15     1.19296
 0  1    0    16     1.37182
 0  1    0    17     1.50709
 0  1    0    18     1.38265
 0  1    0    19     1.3408
 0  1    0    20     1.77576
 0  1    0    21     1.32498
 0  1    0    22     1.4604
 0  1    0    23     1.30917
 0  1    0    24     1.86273
 0  1    0    25     1.29394
 0  1    0    26     1.45067
 0  1    0    27     1.3458
 0  1    0    28     1.26796
 0  1    0    29     1.24986
 0  1    0    30     1.23008
 0  1    0    31     1.24538
 0  1    1    0     1.24436
 0  1    1    1     1.36578
 0  1    1    2     1.35486
 0  1    1    3     1.15861
 0  1    1    4     1.09287
 0  1    1    5     1.16009
 0  1    1    6     1.1129
 0  1    1    7     1.43463
 0  1    1    8     1.10221
 0  1    1    9     1.02271
 0  1    1    10     1.04533
 0  1    1    11     1.21839
 0  1    1    12     1.32053
 0  1    1    13     1.0463
 0  1    1    14     1.05491
 0  1    1    15     1.09711
 0  1    1    16     1.34142
 0  1    1    17     1.10049
 0  1    1    18     1.03081
 0  1    1    19     1.09802
 0  1    1    20     1.36009
 0  1    1    21     1.34792
 0  1    1    22     1.20599
 0  1    1    23     1.12147
 0  1    1    24     1.21048
 0  1    1    25     1.35141
 0  1    1    26     1.39454
 0  1    1    27     1.15501
 0  1    1    28     1.17958
 0  1    1    29     1.30485
 0  1    1    30     1.37645
 0  1    1    31     1.2076
 0  1    2    0     1.2809
 0  1    2    1     1.61336
 0  1    2    2     1.49012
 0  1    2    3     1.25625
 0  1    2    4     1.37664
 0  1    2    5     1.23565
 0  1    2    6     1.38955
 0  1    2    7     1.31012
 0  1    2    8     1.37232
 0  1    2    9     1.40151
 0  1    2    10     1.33356
 0  1    2    11     1.26093
 0  1    2    12     1.09001
 0  1    2    13     1.33626
 0  1    2    14     1.18308
 0  1    2    15     1.06917
 0  1    2    16     1.09996
 0  1    2    17     1.31689
 0  1    2    18     1.24274
 0  1    2    19     1.1063
 0  1    2    20     1.08102
 0  1    2    21     1.30283
 0  1    2    22     1.15838
 0  1    2    23     1.4363
 0  1    2    24     1.07837
 0  1    2    25     1.42188
 0  1    2    26     1.24187
 0  1    2    27     1.4026
 0  1    2    28     1.14307
 0  1    2    29     1.12707
 0  1    2    30     1.2759
 0  1    2    31     1.37262
 0  1    3    0     1.19723
 0  1    3    1     1.34034
 0  1    3    2     1.42267
 0  1    3    3     1.48999
 0  1    3    4     1.26269
 0  1    3    5     1.36666
 0  1    3    6     1.37095
 0  1    3    7     1.43663
 0  1    3    8     1.21866
 0  1    3    9     1.34983
 0  1    3    10     1.32049
 0  1    3    11     1.51828
 0  1    3    12     1.1372
 0  1    3    13     1.03699
 0  1    3    14     1.22085
 0  1    3    15     1.16714
 0  1    3    16     1.19013
 0  1    3    17     1.02642
 0  1    3    18     1.0226
 0  1    3    19     1.14853
 0  1    3    20     1.55197
 0  1    3    21     1.17434
 0  1    3    22     1.15131
 0  1    3    23     1.18053
 0  1    3    24     1.32969
 0  1    3    25     1.3473
 0  1    3    26     1.29902
 0  1    3    27     1.31408
 0  1    3    28     1.38525
 0  1    3    29     1.37035
 0  1    3    30     1.46734
 0  1    3    31     0.982466
 0  1    4    0     1.64621
 0  1    4    1     1.44703
 0  1    4    2     1.33992
 0  1    4    3     1.27773
 0  1    4    4     1.40561
 0  1    4    5     1.47025
 0  1    4    6     1.34413
 0  1    4    7     1.20023
 0  1    4    8     1.45031
 0  1    4    9     1.24847
 0  1    4    10     1.49965
 0  1    4    11     1.30282
 0  1    4    12     1.2083
 0  1    4    13     1.17791
 0  1    4    14     1.15797
 0  1    4    15     1.38126
 0  1    4    16     1.17838
 0  1    4    17     1.16081
 0  1    4    18     1.27787
 0  1    4    19     1.45431
 0  1    4    20     1.26219
 0  1    4    21     1.4536
 0  1    4    22     1.44979
 0  1    4    23     1.43958
 0  1    4    24     1.32317
 0  1    4    25     1.50586
 0  1    4    26     1.34705
 0  1    4    27     1.45265
 0  1    4    28     1.16106
 0  1    4    29     1.33897
 0  1    4    30     1.28175
 0  1    4    31     1.29965
 0  1    5    0     1.20046
 0  1    5    1     1.25428
 0  1    5    2     1.24317
 0  1    5    3     1.25106
 0  1    5    4     1.07407
 0  1    5    5     1.15906
 0  1    5    6     1.24986
 0  1    5    7     1.01387
 0  1    5    8     1.15033
 0  1    5    9     1.32337
 0  1    5    10     1.13773
 0  1    5    11     1.12428
 0  1    5    12     1.52198
 0  1    5    13     1.19385
 0  1    5    14     1.14723
 0  1    5    15     1.20496
 0  1    5    16     1.38601
 0  1    5    17     1.26785
 0  1    5    18     1.18657
 0  1    5    19     1.16771
 0  1    5    20     1.05433
 0  1    5    21     1.19429
 0  1    5    22     1.25705
 0  1    5    23     1.11273
 0  1    5    24     1.06017
 0  1    5    25     1.20063
 0  1    5    26     1.19017
 0  1    5    27     1.26517
 0  1    5    28     1.07223
 0  1    5    29     1.03915
 0  1    5    30     1.06396
 0  1    5    31     1.09021
 0  1    6    0     1.19482
 0  1    6    1     1.23994
 0  1    6    2     1.26933
 0  1    6    3     1.21512
 0  1    6    4     1.05177
 0  1    6    5     1.08539
 0  1    6    6     1.04691
 0  1    6    7     1.0673
 0  1    6    8     1.0011
 0  1    6    9     1.16945
 0  1    6    10     1.0525
 0  1    6    11     1.15097
 0  1    6    12     1.17766
 0  1    6    13     1.1629
 0  1    6    14     1.11701
 0  1    6    15     1.25616
 0  1    6    16     1.07214
 0  1    6    17     1.2142
 0  1    6    18     1.15585
 0  1    6    19     1.26202
 0  1    6    20     1.11392
 0  1    6    21     1.21891
 0  1    6    22     1.33265
 0  1    6    23     1.17479
 0  1    6    24     1.12339
 0  1    6    25     1.36851
 0  1    6    26     1.23426
 0  1    6    27     1.2223
 0  1    6    28     1.05947
 0  1    6    29     1.07375
 0  1    6    30     1.1552
 0  1    6    31     1.15735
 0  1    7    0     1.08402
 0  1    7    1     1.12781
 0  1    7    2     1.12878
 0  1    7    3     1.62494
 0  1    7    4     1.20306
 0  1    7    5     1.41709
 0  1    7    6     1.39789
 0  1    7    7     1.14308
 0  1    7    8     1.2156
 0  1    7    9     1.41937
 0  1    7    10     1.37582
 0  1    7    11     1.13153
 0  1    7    12     1.21887
 0  1    7    13     1.41651
 0  1    7    14     1.5421
 0  1    7    15     1.48627
 0  1    7    16     1.23482
 0  1    7    17     1.37981
 0  1    7    18     1.5812
 0  1    7    19     1.30339
 0  1    7    20     1.23363
 0  1    7    21     1.26253
 0  1    7    22     1.26263
 0  1    7    23     1.17386
 0  1    7    24     1.34486
 0  1    7    25     1.2952
 0  1    7    26     1.3712
 0  1    7    27     1.21305
 0  1    7    28     1.22497
 0  1    7    29     1.46465
 0  1    7    30     1.40432
 0  1    7    31     1.19129
 0  1    8    0     1.38389
 0  1    8    1     1.42955
 0  1    8    2     1.32797
 0  1    8    3     1.02634
 0  1    8    4     1.16406
 0  1    8    5     1.0158
 0  1    8    6     0.999071
 0  1    8    7     1.29166
 0  1    8    8     1.28529
 0  1    8    9     1.1775
 0  1    8    10     1.23435
 0  1    8    11     1.43301
 0  1    8    12     1.16434
 0  1    8    13     1.48265
 0  1    8    14     1.58433
 0  1    8    15     1.23576
 0  1    8    16     1.30833
 0  1    8    17     1.48741
 0  1    8    18     1.42003
 0  1    8    19     1.50456
 0  1    8    20     1.23284
 0  1    8    21     1.4008
 0  1    8    22     1.33185
 0  1    8    23     1.63278
 0  1    8    24     1.11181
 0  1    8    25     1.58655
 0  1    8    26     1.62077
 0  1    8    27     1.59114
 0  1    8    28     1.11927
 0  1    8    29     1.29381
 0  1    8    30     1.25526
 0  1    8    31     1.3603
 0  1    9    0     1.06238
 0  1    9    1     1.36228
 0  1    9    2     1.30827
 0  1    9    3     1.20185
 0  1    9    4     1.43732
 0  1    9    5     1.28031
 0  1    9    6     1.31993
 0  1    9    7     1.17586
 0  1    9    8     1.4785
 0  1    9    9     1.37313
 0  1    9    10     1.34321
 0  1    9    11     1.37581
 0  1    9    12     1.27969
 0  1    9    13     1.66166
 0  1    9    14     1.49945
 0  1    9    15     1.22307
 0  1    9    16     1.2605
 0  1    9    17     1.53522
 0  1    9    18     1.44238
 0  1    9    19     1.28322
 0  1    9    20     1.573
 0  1    9    21     1.14503
 0  1    9    22     1.19271
 0  1    9    23     1.18247
 0  1    9    24     1.57549
 0  1    9    25     1.28387
 0  1    9    26     1.23589
 0  1    9    27     1.12581
 0  1    9    28     1.45415
 0  1    9    29     1.08374
 0  1    9    30     1.04687
 0  1    9    31     0.957004
 0  1    10    0     1.18215
 0  1    10    1     1.07065
 0  1    10    2     1.13889
 0  1    10    3     0.965428
 0  1    10    4     1.61503
 0  1    10    5     1.17136
 0  1    10    6     1.30028
 0  1    10    7     1.29542
 0  1    10    8     1.58609
 0  1    10    9     1.04386
 0  1    10    10     1.13434
 0  1    10    11     1.39472
 0  1    10    12     1.13821
 0  1    10    13     1.11241
 0  1    10    14     1.03112
 0  1    10    15     1.08921
 0  1    10    16     1.0403
 0  1    10    17     1.0638
 0  1    10    18     1.01133
 0  1    10    19     1.09406
 0  1    10    20     0.939768
 0  1    10    21     1.23293
 0  1    10    22     1.36505
 0  1    10    23     0.901867
 0  1    10    24     0.964041
 0  1    10    25     1.22611
 0  1    10    26     1.17839
 0  1    10    27     0.945423
 0  1    10    28     1.0875
 0  1    10    29     1.07331
 0  1    10    30     0.905813
 0  1    10    31     0.986502
 0  1    11    0     1.01735
 0  1    11    1     1.13737
 0  1    11    2     1.13224
 0  1    11    3     1.2317
 0  1    11    4     1.40373
 0  1    11    5     1.37893
 0  1    11    6     1.39176
 0  1    11    7     1.24234
 0  1    11    8     1.23598
 0  1    11    9     1.32317
 0  1    11    10     1.30447
 0  1    11    11     1.35116
 0  1    11    12     1.08443
 0  1    11    13     1.15552
 0  1    11    14     1.18593
 0  1    11    15     1.21035
 0  1    11    16     1.08787
 0  1    11    17     1.03518
 0  1    11    18     1.14369
 0  1    11    19     1.23934
 0  1    11    20     1.03078
 0  1    11    21     1.07124
 0  1    11    22     1.07369
 0  1    11    23     1.11477
 0  1    11    24     0.821388
 0  1    11    25     1.05387
 0  1    11    26     1.07033
 0  1    11    27     1.24305
 0  1    11    28     0.964125
 0  1    11    29     1.08074
 0  1    11    30     0.973327
 0  1    11    31     1.01391
 0  1    12    0     1.20137
 0  1    12    1     1.40073
 0  1    12    2     1.53183
 0  1    12    3     1.20385
 0  1    12    4     1.27458
 0  1    12    5     1.15573
 0  1    12    6     1.17164
 0  1    12    7     1.03437
 0  1    12    8     1.35066
 0  1    12    9     1.09237
 0  1    12    10     1.20312
 0  1    12    11     0.98695
 0  1    12    12     1.31155
 0  1    12    13     1.23841
 0  1    12    14     1.21759
 0  1    12    15     1.16312
 0  1    12    16     1.14098
 0  1    12    17     1.31068
 0  1    12    18     1.14895
 0  1    12    19     1.11786
 0  1    12    20     1.023
 0  1    12    21     1.14827
 0  1    12    22     1.04435
 0  1    12    23     1.04589
 0  1    12    24     1.21271
 0  1    12    25     1.07637
 0  1    12    26     1.01077
 0  1    12    27     1.20463
 0  1    12    28     0.879992
 0  1    12    29     0.901399
 0  1    12    30     1.08826
 0  1    12    31     0.87556
 0  1    13    0     1.20761
 0  1    13    1     1.19675
 0  1    13    2     1.20479
 0  1    13    3     1.47069
 0  1    13    4     1.10038
 0  1    13    5     1.23979
 0  1    13    6     1.2567
 0  1    13    7     1.26332
 0  1    13    8     1.08513
 0  1    13    9     1.3218
 0  1    13    10     1.25821
 0  1    13    11     1.24756
 0  1    13    12     1.16605
 0  1    13    13     1.04597
 0  1    13    14     1.1045
 0  1    13    15     1.21566
 0  1    13    16     1.07175
 0  1    13    17     0.996861
 0  1    13    18     1.00109
 0  1    13    19     1.1289
 0  1    13    20     0.987566
 0  1    13    21     1.13882
 0  1    13    22     1.25759
 0  1    13    23     1.06064
 0  1    13    24     1.05952
 0  1    13    25     1.10424
 0  1    13    26     1.06088
 0  1    13    27     1.0848
 0  1    13    28     1.01012
 0  1    13    29     1.11301
 0  1    13    30     1.02929
 0  1    13    31     1.02862
 0  1    14    0     1.43625
 0  1    14    1     1.06711
 0  1    14    2     1.00919
 0  1    14    3     0.943373
 0  1    14    4     1.27596
 0  1    14    5     1.23284
 0  1    14    6     1.33186
 0  1    14    7     1.15249
 0  1    14    8     1.26359
 0  1    14    9     1.34229
 0  1    14    10     1.4757
 0  1    14    11     1.1842
 0  1    14    12     1.14051
 0  1    14    13     1.04743
 0  1    14    14     1.07101
 0  1    14    15     1.04904
 0  1    14    16     1.06103
 0  1    14    17     1.1242
 0  1    14    18     1.21058
 0  1    14    19     1.03163
 0  1    14    20     1.02757
 0  1    14    21     0.99668
 0  1    14    22     1.01625
 0  1    14    23     1.27379
 0  1    14    24     1.15794
 0  1    14    25     1.04501
 0  1    14    26     1.07628
 0  1    14    27     1.32601
 0  1    14    28     1.01159
 0  1    14    29     1.09306
 0  1    14    30     1.11746
 0  1    14    31     1.32094
 0  1    15    0     0.995528
 0  1    15    1     1.08259
 0  1    15    2     0.952475
 0  1    15    3     0.946041
 0  1    15    4     1.12281
 0  1    15    5     1.24844
 0  1    15    6     1.1839
 0  1    15    7     1.05912
 0  1    15    8     1.11012
 0  1    15    9     1.29683
 0  1    15    10     1.25535
 0  1    15    11     1.14729
 0  1    15    12     1.09993
 0  1    15    13     1.36786
 0  1    15    14     1.24022
 0  1    15    15     1.07947
 0  1    15    16     1.1558
 0  1    15    17     1.36803
 0  1    15    18     1.37693
 0  1    15    19     1.20475
 0  1    15    20     1.05268
 0  1    15    21     1.16694
 0  1    15    22     1.13916
 0  1    15    23     1.01273
 0  1    15    24     1.16715
 0  1    15    25     1.20759
 0  1    15    26     1.11498
 0  1    15    27     1.10002
 0  1    15    28     1.06967
 0  1    15    29     1.21355
 0  1    15    30     1.02326
 0  1    15    31     1.07207
 0  1    16    0     0.883522
 0  1    16    1     1.06622
 0  1    16    2     0.955608
 0  1    16    3     0.920115
 0  1    16    4     1.24684
 0  1    16    5     1.06774
 0  1    16    6     1.05982
 0  1    16    7     1.0873
 0  1    16    8     1.16311
 0  1    16    9     1.10437
 0  1    16    10     1.10337
 0  1    16    11     1.07536
 0  1    16    12     1.09953
 0  1    16    13     1.04335
 0  1    16    14     1.26525
 0  1    16    15     1.10169
 0  1    16    16     1.08298
 0  1    16    17     1.23232
 0  1    16    18     1.36633
 0  1    16    19     1.16363
 0  1    16    20     1.08428
 0  1    16    21     1.11638
 0  1    16    22     1.3362
 0  1    16    23     1.31547
 0  1    16    24     1.02907
 0  1    16    25     1.0834
 0  1    16    26     1.27521
 0  1    16    27     1.15252
 0  1    16    28     1.10988
 0  1    16    29     1.23282
 0  1    16    30     1.41804
 0  1    16    31     1.26364
 0  1    17    0     0.922723
 0  1    17    1     1.06338
 0  1    17    2     1.04605
 0  1    17    3     0.975407
 0  1    17    4     1.01702
 0  1    17    5     0.962096
 0  1    17    6     1.05358
 0  1    17    7     1.4475
 0  1    17    8     1.06443
 0  1    17    9     0.985659
 0  1    17    10     0.996404
 0  1    17    11     1.40048
 0  1    17    12     1.10708
 0  1    17    13     1.14372
 0  1    17    14     1.06627
 0  1    17    15     0.946077
 0  1    17    16     1.14115
 0  1    17    17     1.16202
 0  1    17    18     1.12051
 0  1    17    19     0.941371
 0  1    17    20     1.21906
 0  1    17    21     1.24911
 0  1    17    22     1.16955
 0  1    17    23     1.14302
 0  1    17    24     1.13747
 0  1    17    25     1.2472
 0  1    17    26     1.25625
 0  1    17    27     1.02016
 0  1    17    28     1.38008
 0  1    17    29     1.33028
 0  1    17    30     1.26913
 0  1    17    31     1.04003
 0  1    18    0     1.01843
 0  1    18    1     1.13126
 0  1    18    2     1.12552
 0  1    18    3     1.0771
 0  1    18    4     1.4444
 0  1    18    5     1.47557
 0  1    18    6     1.34048
 0  1    18    7     1.04791
 0  1    18    8     1.44701
 0  1    18    9     1.45328
 0  1    18    10     1.31114
 0  1    18    11     1.18166
 0  1    18    12     0.931197
 0  1    18    13     1.04667
 0  1    18    14     1.1157
 0  1    18    15     1.77697
 0  1    18    16     0.929585
 0  1    18    17     1.12582
 0  1    18    18     1.12744
 0  1    18    19     1.65938
 0  1    18    20     1.14932
 0  1    18    21     1.12745
 0  1    18    22     1.17424
 0  1    18    23     1.07808
 0  1    18    24     1.0159
 0  1    18    25     1.15532
 0  1    18    26     1.11992
 0  1    18    27     1.14203
 0  1    18    28     1.21804
 0  1    18    29     1.11145
 0  1    18    30     1.15439
 0  1    18    31     1.04919
 0  1    19    0     1.15086
 0  1    19    1     1.10699
 0  1    19    2     1.11866
 0  1    19    3     1.23106
 0  1    19    4     1.25052
 0  1    19    5     1.03942
 0  1    19    6     1.06235
 0  1    19    7     1.314
 0  1    19    8     1.04159
 0  1    19    9     1.04211
 0  1    19    10     1.03748
 0  1    19    11     1.55707
 0  1    19    12     1.65508
 0  1    19    13     1.26897
 0  1    19    14     1.1205
 0  1    19    15     1.85165
 0  1    19    16     1.83109
 0  1    19    17     1.15457
 0  1    19    18     1.26619
 0  1    19    19     1.83038
 0  1    19    20     1.14776
 0  1    19    21     1.09128
 0  1    19    22     1.35089
 0  1    19    23     1.08311
 0  1    19    24     1.18525
 0  1    19    25     1.11351
 0  1    19    26     1.13031
 0  1    19    27     1.25618
 0  1    19    28     1.3415
 0  1    19    29     1.28624
 0  1    19    30     1.02494
 0  1    19    31     1.29662
 0  1    20    0     1.60251
 0  1    20    1     0.661317
 0  1    20    2     1.38817
 0  1    20    3     1.37343
 0  1    20    4     1.442
 0  1    20    5     1.39665
 0  1    20    6     1.71568
 0  1    20    7     1.65877
 0  1    20    8     1.4187
 0  1    20    9     1.41417
 0  1    20    10     1.73834
 0  1    20    11     1.87825
 0  1    20    12     1.33544
 0  1    20    13     1.40079
 0  1    20    14     1.51728
 0  1    20    15     1.73026
 0  1    20    16     1.2
 0  1    20    17     1.2
 0  1    20    18     1.2
 0  1    20    19     1.2
 0  1    20    20     1.2
 0  1    20    21     1.2
 0  1    21    0     0.380523
 0  1    21    1     1.20218
 0  1    21    2     1.37819
 0  1    21    3     1.26452
 0  1    21    4     1.31019
 0  1    21    5     1.08341
 0  1    21    6     1.34971
 0  1    21    7     1.95413
 0  1    21    8     1.89517
 0  1    21    9     0.694039
 0  1    21    10     1.55898
 0  1    21    11     1.12382
 0  1    21    12     1.43456
 0  1    21    13     1.27091
 0  1    21    14     1.17698
 0  1    21    15     1.3836
 0  1    21    16     1.51514
 0  1    21    17     1.25017
 0  1    21    18     1.71464
 0  1    21    19     0.572461
 0  1    21    20     1.2
 0  1    21    21     1.2
 0  1    22    0     1.43389
 0  1    22    1     1.37021
 0  1    22    2     1.56343
 0  1    22    3     1.41834
 0  1    22    4     1.94048
 0  1    22    5     1.51833
 0  1    22    6     2.15265
 0  1    22    7     1.39162
 0  1    22    8     1.37405
 0  1    22    9     1.31639
 0  1    22    10     1.30748
 0  1    22    11     1.78671
 0  1    22    12     1.68694
 0  1    22    13     1.27954
 0  1    22    14     1.34032
 0  1    22    15     1.30509
 0  1    22    16     0.84773
 0  1    22    17     2.29453
 0  1    22    18     2.12798
 0  1    22    19     1.22727
 0  1    22    20     1.37951
 0  1    22    21     0.93858
 0  1    22    22     0.978527
 0  1    22    23     1.15739
 0  1    22    24     1.2609
 0  1    22    25     1.13025
 0  1    22    26     1.27388
 0  1    22    27     1.27593
 0  1    22    28     1.20801
 0  1    22    29     1.20207
 0  1    22    30     1.0017
 0  1    22    31     1.1792
 0  1    23    0     1.62788
 0  1    23    1     2.3612
 0  1    23    2     1.33919
 0  1    23    3     1.29645
 0  1    23    4     1.51846
 0  1    23    5     1.48063
 0  1    23    6     1.67602
 0  1    23    7     1.41261
 0  1    23    8     0.586956
 0  1    23    9     1.60765
 0  1    23    10     1.36182
 0  1    23    11     1.55098
 0  1    23    12     1.3927
 0  1    23    13     1.11772
 0  1    23    14     1.29141
 0  1    23    15     1.09111
 0  1    23    16     1.40241
 0  1    23    17     1.37966
 0  1    23    18     1.56896
 0  1    23    19     1.51731
 0  1    23    20     1.29867
 0  1    23    21     1.44239
 0  1    23    22     1.60322
 0  1    23    23     0.840443
 0  1    23    24     1.83348
 0  1    23    25     0.733177
 0  1    23    26     1.60093
 0  1    23    27     1.2
 0  1    23    28     1.2
 0  1    23    29     1.44729
 0  1    23    30     1.2
 0  1    23    31     1.2
