  0   0   0   0   23  
  0   0   0   1   24  
  0   0   0   2   25  
  0   0   0   3   26  
  0   0   0   4   45  
  0   0   0   5   46  
  0   0   0   6   47  
  0   0   0   7   48  
  0   0   0   8   67  
  0   0   0   9   68  
  0   0   0  10   69  
  0   0   0  11   70  
  0   0   0  12   89  
  0   0   0  13   90  
  0   0   0  14   91  
  0   0   0  15   92  
  0   0   0  16  111  
  0   0   0  17  112  
  0   0   0  18  113  
  0   0   0  19  114  
  0   0   0  20  133  
  0   0   0  21  134  
  0   0   0  22  135  
  0   0   0  23  136  
  0   0   0  24  155  
  0   0   0  25  156  
  0   0   0  26  157  
  0   0   0  27  158  
  0   0   0  28  177  
  0   0   0  29  178  
  0   0   0  30  179  
  0   0   0  31  180  
  0   0   1   0   27  
  0   0   1   1   28  
  0   0   1   2   29  
  0   0   1   3   30  
  0   0   1   4   49  
  0   0   1   5   50  
  0   0   1   6   51  
  0   0   1   7   52  
  0   0   1   8   71  
  0   0   1   9   72  
  0   0   1  10   73  
  0   0   1  11   74  
  0   0   1  12   93  
  0   0   1  13   94  
  0   0   1  14   95  
  0   0   1  15   96  
  0   0   1  16  115  
  0   0   1  17  116  
  0   0   1  18  117  
  0   0   1  19  118  
  0   0   1  20  137  
  0   0   1  21  138  
  0   0   1  22  139  
  0   0   1  23  140  
  0   0   1  24  159  
  0   0   1  25  160  
  0   0   1  26  161  
  0   0   1  27  162  
  0   0   1  28  181  
  0   0   1  29  182  
  0   0   1  30  183  
  0   0   1  31  184  
  0   0   2   0   31  
  0   0   2   1   32  
  0   0   2   2   33  
  0   0   2   3   34  
  0   0   2   4   53  
  0   0   2   5   54  
  0   0   2   6   55  
  0   0   2   7   56  
  0   0   2   8   75  
  0   0   2   9   76  
  0   0   2  10   77  
  0   0   2  11   78  
  0   0   2  12   97  
  0   0   2  13   98  
  0   0   2  14   99  
  0   0   2  15  100  
  0   0   2  16  119  
  0   0   2  17  120  
  0   0   2  18  121  
  0   0   2  19  122  
  0   0   2  20  141  
  0   0   2  21  142  
  0   0   2  22  143  
  0   0   2  23  144  
  0   0   2  24  163  
  0   0   2  25  164  
  0   0   2  26  165  
  0   0   2  27  166  
  0   0   2  28  185  
  0   0   2  29  186  
  0   0   2  30  187  
  0   0   2  31  188  
  0   0   3   0   35  
  0   0   3   1   36  
  0   0   3   2   37  
  0   0   3   3   38  
  0   0   3   4   57  
  0   0   3   5   58  
  0   0   3   6   59  
  0   0   3   7   60  
  0   0   3   8   79  
  0   0   3   9   80  
  0   0   3  10   81  
  0   0   3  11   82  
  0   0   3  12  101  
  0   0   3  13  102  
  0   0   3  14  103  
  0   0   3  15  104  
  0   0   3  16  123  
  0   0   3  17  124  
  0   0   3  18  125  
  0   0   3  19  126  
  0   0   3  20  145  
  0   0   3  21  146  
  0   0   3  22  147  
  0   0   3  23  148  
  0   0   3  24  167  
  0   0   3  25  168  
  0   0   3  26  169  
  0   0   3  27  170  
  0   0   3  28  189  
  0   0   3  29  190  
  0   0   3  30  191  
  0   0   3  31  192  
  0   0   4   0   39  
  0   0   4   1   40  
  0   0   4   2   41  
  0   0   4   3   42  
  0   0   4   4   61  
  0   0   4   5   62  
  0   0   4   6   63  
  0   0   4   7   64  
  0   0   4   8   83  
  0   0   4   9   84  
  0   0   4  10   85  
  0   0   4  11   86  
  0   0   4  12  105  
  0   0   4  13  106  
  0   0   4  14  107  
  0   0   4  15  108  
  0   0   4  16  127  
  0   0   4  17  128  
  0   0   4  18  129  
  0   0   4  19  130  
  0   0   4  20  149  
  0   0   4  21  150  
  0   0   4  22  151  
  0   0   4  23  152  
  0   0   4  24  171  
  0   0   4  25  172  
  0   0   4  26  173  
  0   0   4  27  174  
  0   0   4  28  193  
  0   0   4  29  194  
  0   0   4  30  195  
  0   0   4  31  196  
  0   0   5   0  199  
  0   0   5   1  200  
  0   0   5   2  201  
  0   0   5   3  202  
  0   0   5   4  221  
  0   0   5   5  222  
  0   0   5   6  223  
  0   0   5   7  224  
  0   0   5   8  243  
  0   0   5   9  244  
  0   0   5  10  245  
  0   0   5  11  246  
  0   0   5  12  265  
  0   0   5  13  266  
  0   0   5  14  267  
  0   0   5  15  268  
  0   0   5  16  287  
  0   0   5  17  288  
  0   0   5  18  289  
  0   0   5  19  290  
  0   0   5  20  309  
  0   0   5  21  310  
  0   0   5  22  311  
  0   0   5  23  312  
  0   0   5  24  331  
  0   0   5  25  332  
  0   0   5  26  333  
  0   0   5  27  334  
  0   0   5  28  353  
  0   0   5  29  354  
  0   0   5  30  355  
  0   0   5  31  356  
  0   0   6   0  203  
  0   0   6   1  204  
  0   0   6   2  205  
  0   0   6   3  206  
  0   0   6   4  225  
  0   0   6   5  226  
  0   0   6   6  227  
  0   0   6   7  228  
  0   0   6   8  247  
  0   0   6   9  248  
  0   0   6  10  249  
  0   0   6  11  250  
  0   0   6  12  269  
  0   0   6  13  270  
  0   0   6  14  271  
  0   0   6  15  272  
  0   0   6  16  291  
  0   0   6  17  292  
  0   0   6  18  293  
  0   0   6  19  294  
  0   0   6  20  313  
  0   0   6  21  314  
  0   0   6  22  315  
  0   0   6  23  316  
  0   0   6  24  335  
  0   0   6  25  336  
  0   0   6  26  337  
  0   0   6  27  338  
  0   0   6  28  357  
  0   0   6  29  358  
  0   0   6  30  359  
  0   0   6  31  360  
  0   0   7   0  207  
  0   0   7   1  208  
  0   0   7   2  209  
  0   0   7   3  210  
  0   0   7   4  229  
  0   0   7   5  230  
  0   0   7   6  231  
  0   0   7   7  232  
  0   0   7   8  251  
  0   0   7   9  252  
  0   0   7  10  253  
  0   0   7  11  254  
  0   0   7  12  273  
  0   0   7  13  274  
  0   0   7  14  275  
  0   0   7  15  276  
  0   0   7  16  295  
  0   0   7  17  296  
  0   0   7  18  297  
  0   0   7  19  298  
  0   0   7  20  317  
  0   0   7  21  318  
  0   0   7  22  319  
  0   0   7  23  320  
  0   0   7  24  339  
  0   0   7  25  340  
  0   0   7  26  341  
  0   0   7  27  342  
  0   0   7  28  361  
  0   0   7  29  362  
  0   0   7  30  363  
  0   0   7  31  364  
  0   0   8   0  211  
  0   0   8   1  212  
  0   0   8   2  213  
  0   0   8   3  214  
  0   0   8   4  233  
  0   0   8   5  234  
  0   0   8   6  235  
  0   0   8   7  236  
  0   0   8   8  255  
  0   0   8   9  256  
  0   0   8  10  257  
  0   0   8  11  258  
  0   0   8  12  277  
  0   0   8  13  278  
  0   0   8  14  279  
  0   0   8  15  280  
  0   0   8  16  299  
  0   0   8  17  300  
  0   0   8  18  301  
  0   0   8  19  302  
  0   0   8  20  321  
  0   0   8  21  322  
  0   0   8  22  323  
  0   0   8  23  324  
  0   0   8  24  343  
  0   0   8  25  344  
  0   0   8  26  345  
  0   0   8  27  346  
  0   0   8  28  365  
  0   0   8  29  366  
  0   0   8  30  367  
  0   0   8  31  368  
  0   0   9   0  215  
  0   0   9   1  216  
  0   0   9   2  217  
  0   0   9   3  218  
  0   0   9   4  237  
  0   0   9   5  238  
  0   0   9   6  239  
  0   0   9   7  240  
  0   0   9   8  259  
  0   0   9   9  260  
  0   0   9  10  261  
  0   0   9  11  262  
  0   0   9  12  281  
  0   0   9  13  282  
  0   0   9  14  283  
  0   0   9  15  284  
  0   0   9  16  303  
  0   0   9  17  304  
  0   0   9  18  305  
  0   0   9  19  306  
  0   0   9  20  325  
  0   0   9  21  326  
  0   0   9  22  327  
  0   0   9  23  328  
  0   0   9  24  347  
  0   0   9  25  348  
  0   0   9  26  349  
  0   0   9  27  350  
  0   0   9  28  369  
  0   0   9  29  370  
  0   0   9  30  371  
  0   0   9  31  372  
  0   0  10   0  375  
  0   0  10   1  376  
  0   0  10   2  377  
  0   0  10   3  378  
  0   0  10   4  397  
  0   0  10   5  398  
  0   0  10   6  399  
  0   0  10   7  400  
  0   0  10   8  419  
  0   0  10   9  420  
  0   0  10  10  421  
  0   0  10  11  422  
  0   0  10  12  441  
  0   0  10  13  442  
  0   0  10  14  443  
  0   0  10  15  444  
  0   0  10  16  463  
  0   0  10  17  464  
  0   0  10  18  465  
  0   0  10  19  466  
  0   0  10  20  485  
  0   0  10  21  486  
  0   0  10  22  487  
  0   0  10  23  488  
  0   0  10  24  507  
  0   0  10  25  508  
  0   0  10  26  509  
  0   0  10  27  510  
  0   0  10  28  529  
  0   0  10  29  530  
  0   0  10  30  531  
  0   0  10  31  532  
  0   0  11   0  379  
  0   0  11   1  380  
  0   0  11   2  381  
  0   0  11   3  382  
  0   0  11   4  401  
  0   0  11   5  402  
  0   0  11   6  403  
  0   0  11   7  404  
  0   0  11   8  423  
  0   0  11   9  424  
  0   0  11  10  425  
  0   0  11  11  426  
  0   0  11  12  445  
  0   0  11  13  446  
  0   0  11  14  447  
  0   0  11  15  448  
  0   0  11  16  467  
  0   0  11  17  468  
  0   0  11  18  469  
  0   0  11  19  470  
  0   0  11  20  489  
  0   0  11  21  490  
  0   0  11  22  491  
  0   0  11  23  492  
  0   0  11  24  511  
  0   0  11  25  512  
  0   0  11  26  513  
  0   0  11  27  514  
  0   0  11  28  533  
  0   0  11  29  534  
  0   0  11  30  535  
  0   0  11  31  536  
  0   0  12   0  383  
  0   0  12   1  384  
  0   0  12   2  385  
  0   0  12   3  386  
  0   0  12   4  405  
  0   0  12   5  406  
  0   0  12   6  407  
  0   0  12   7  408  
  0   0  12   8  427  
  0   0  12   9  428  
  0   0  12  10  429  
  0   0  12  11  430  
  0   0  12  12  449  
  0   0  12  13  450  
  0   0  12  14  451  
  0   0  12  15  452  
  0   0  12  16  471  
  0   0  12  17  472  
  0   0  12  18  473  
  0   0  12  19  474  
  0   0  12  20  493  
  0   0  12  21  494  
  0   0  12  22  495  
  0   0  12  23  496  
  0   0  12  24  515  
  0   0  12  25  516  
  0   0  12  26  517  
  0   0  12  27  518  
  0   0  12  28  537  
  0   0  12  29  538  
  0   0  12  30  539  
  0   0  12  31  540  
  0   0  13   0  387  
  0   0  13   1  388  
  0   0  13   2  389  
  0   0  13   3  390  
  0   0  13   4  409  
  0   0  13   5  410  
  0   0  13   6  411  
  0   0  13   7  412  
  0   0  13   8  431  
  0   0  13   9  432  
  0   0  13  10  433  
  0   0  13  11  434  
  0   0  13  12  453  
  0   0  13  13  454  
  0   0  13  14  455  
  0   0  13  15  456  
  0   0  13  16  475  
  0   0  13  17  476  
  0   0  13  18  477  
  0   0  13  19  478  
  0   0  13  20  497  
  0   0  13  21  498  
  0   0  13  22  499  
  0   0  13  23  500  
  0   0  13  24  519  
  0   0  13  25  520  
  0   0  13  26  521  
  0   0  13  27  522  
  0   0  13  28  541  
  0   0  13  29  542  
  0   0  13  30  543  
  0   0  13  31  544  
  0   0  14   0  391  
  0   0  14   1  392  
  0   0  14   2  393  
  0   0  14   3  394  
  0   0  14   4  413  
  0   0  14   5  414  
  0   0  14   6  415  
  0   0  14   7  416  
  0   0  14   8  435  
  0   0  14   9  436  
  0   0  14  10  437  
  0   0  14  11  438  
  0   0  14  12  457  
  0   0  14  13  458  
  0   0  14  14  459  
  0   0  14  15  460  
  0   0  14  16  479  
  0   0  14  17  480  
  0   0  14  18  481  
  0   0  14  19  482  
  0   0  14  20  501  
  0   0  14  21  502  
  0   0  14  22  503  
  0   0  14  23  504  
  0   0  14  24  523  
  0   0  14  25  524  
  0   0  14  26  525  
  0   0  14  27  526  
  0   0  14  28  545  
  0   0  14  29  546  
  0   0  14  30  547  
  0   0  14  31  548  
  0   0  15   0  551  
  0   0  15   1  552  
  0   0  15   2  553  
  0   0  15   3  554  
  0   0  15   4  573  
  0   0  15   5  574  
  0   0  15   6  575  
  0   0  15   7  576  
  0   0  15   8  595  
  0   0  15   9  596  
  0   0  15  10  597  
  0   0  15  11  598  
  0   0  15  12  617  
  0   0  15  13  618  
  0   0  15  14  619  
  0   0  15  15  620  
  0   0  15  16  639  
  0   0  15  17  640  
  0   0  15  18  641  
  0   0  15  19  642  
  0   0  15  20  661  
  0   0  15  21  662  
  0   0  15  22  663  
  0   0  15  23  664  
  0   0  15  24  683  
  0   0  15  25  684  
  0   0  15  26  685  
  0   0  15  27  686  
  0   0  15  28  705  
  0   0  15  29  706  
  0   0  15  30  707  
  0   0  15  31  708  
  0   0  16   0  555  
  0   0  16   1  556  
  0   0  16   2  557  
  0   0  16   3  558  
  0   0  16   4  577  
  0   0  16   5  578  
  0   0  16   6  579  
  0   0  16   7  580  
  0   0  16   8  599  
  0   0  16   9  600  
  0   0  16  10  601  
  0   0  16  11  602  
  0   0  16  12  621  
  0   0  16  13  622  
  0   0  16  14  623  
  0   0  16  15  624  
  0   0  16  16  643  
  0   0  16  17  644  
  0   0  16  18  645  
  0   0  16  19  646  
  0   0  16  20  665  
  0   0  16  21  666  
  0   0  16  22  667  
  0   0  16  23  668  
  0   0  16  24  687  
  0   0  16  25  688  
  0   0  16  26  689  
  0   0  16  27  690  
  0   0  16  28  709  
  0   0  16  29  710  
  0   0  16  30  711  
  0   0  16  31  712  
  0   0  17   0  559  
  0   0  17   1  560  
  0   0  17   2  561  
  0   0  17   3  562  
  0   0  17   4  581  
  0   0  17   5  582  
  0   0  17   6  583  
  0   0  17   7  584  
  0   0  17   8  603  
  0   0  17   9  604  
  0   0  17  10  605  
  0   0  17  11  606  
  0   0  17  12  625  
  0   0  17  13  626  
  0   0  17  14  627  
  0   0  17  15  628  
  0   0  17  16  647  
  0   0  17  17  648  
  0   0  17  18  649  
  0   0  17  19  650  
  0   0  17  20  669  
  0   0  17  21  670  
  0   0  17  22  671  
  0   0  17  23  672  
  0   0  17  24  691  
  0   0  17  25  692  
  0   0  17  26  693  
  0   0  17  27  694  
  0   0  17  28  713  
  0   0  17  29  714  
  0   0  17  30  715  
  0   0  17  31  716  
  0   0  18   0  563  
  0   0  18   1  564  
  0   0  18   2  565  
  0   0  18   3  566  
  0   0  18   4  585  
  0   0  18   5  586  
  0   0  18   6  587  
  0   0  18   7  588  
  0   0  18   8  607  
  0   0  18   9  608  
  0   0  18  10  609  
  0   0  18  11  610  
  0   0  18  12  629  
  0   0  18  13  630  
  0   0  18  14  631  
  0   0  18  15  632  
  0   0  18  16  651  
  0   0  18  17  652  
  0   0  18  18  653  
  0   0  18  19  654  
  0   0  18  20  673  
  0   0  18  21  674  
  0   0  18  22  675  
  0   0  18  23  676  
  0   0  18  24  695  
  0   0  18  25  696  
  0   0  18  26  697  
  0   0  18  27  698  
  0   0  18  28  717  
  0   0  18  29  718  
  0   0  18  30  719  
  0   0  18  31  720  
  0   0  19   0  567  
  0   0  19   1  568  
  0   0  19   2  569  
  0   0  19   3  570  
  0   0  19   4  589  
  0   0  19   5  590  
  0   0  19   6  591  
  0   0  19   7  592  
  0   0  19   8  611  
  0   0  19   9  612  
  0   0  19  10  613  
  0   0  19  11  614  
  0   0  19  12  633  
  0   0  19  13  634  
  0   0  19  14  635  
  0   0  19  15  636  
  0   0  19  16  655  
  0   0  19  17  656  
  0   0  19  18  657  
  0   0  19  19  658  
  0   0  19  20  677  
  0   0  19  21  678  
  0   0  19  22  679  
  0   0  19  23  680  
  0   0  19  24  699  
  0   0  19  25  700  
  0   0  19  26  701  
  0   0  19  27  702  
  0   0  19  28  721  
  0   0  19  29  722  
  0   0  19  30  723  
  0   0  19  31  724  
  0   0  20   0    0  
  0   0  20   1    1  
  0   0  20   2    2  
  0   0  20   3    3  
  0   0  20   4    4  
  0   0  20   5    5  
  0   0  20   6    6  
  0   0  20   7    7  
  0   0  20   8    8  
  0   0  20   9    9  
  0   0  20  10   10  
  0   0  20  11   11  
  0   0  20  12   12  
  0   0  20  13   13  
  0   0  20  14   14  
  0   0  20  15   15  
  0   0  20  16   16  
  0   0  20  17   17  
  0   0  20  18   18  
  0   0  20  19   19  
  0   0  20  20   20  
  0   0  20  21   21  
  0   0  21   0  726  
  0   0  21   1  727  
  0   0  21   2  728  
  0   0  21   3  729  
  0   0  21   4  730  
  0   0  21   5  731  
  0   0  21   6  732  
  0   0  21   7  733  
  0   0  21   8  734  
  0   0  21   9  735  
  0   0  21  10  736  
  0   0  21  11  737  
  0   0  21  12  738  
  0   0  21  13  739  
  0   0  21  14  740  
  0   0  21  15  741  
  0   0  21  16  742  
  0   0  21  17  743  
  0   0  21  18  744  
  0   0  21  19  745  
  0   0  21  20  746  
  0   0  21  21  747  
  0   0  22   0   22  
  0   0  22   1   44  
  0   0  22   2   66  
  0   0  22   3   88  
  0   0  22   4  110  
  0   0  22   5  132  
  0   0  22   6  154  
  0   0  22   7  176  
  0   0  22   8  198  
  0   0  22   9  220  
  0   0  22  10  242  
  0   0  22  11  264  
  0   0  22  12  286  
  0   0  22  13  308  
  0   0  22  14  330  
  0   0  22  15  352  
  0   0  22  16  374  
  0   0  22  17  396  
  0   0  22  18  418  
  0   0  22  19  440  
  0   0  22  20  462  
  0   0  22  21  484  
  0   0  22  22  506  
  0   0  22  23  528  
  0   0  22  24  550  
  0   0  22  25  572  
  0   0  22  26  594  
  0   0  22  27  616  
  0   0  22  28  638  
  0   0  22  29  660  
  0   0  22  30  682  
  0   0  22  31  704  
  0   0  23   0   43  
  0   0  23   1   65  
  0   0  23   2   87  
  0   0  23   3  109  
  0   0  23   4  131  
  0   0  23   5  153  
  0   0  23   6  175  
  0   0  23   7  197  
  0   0  23   8  219  
  0   0  23   9  241  
  0   0  23  10  263  
  0   0  23  11  285  
  0   0  23  12  307  
  0   0  23  13  329  
  0   0  23  14  351  
  0   0  23  15  373  
  0   0  23  16  395  
  0   0  23  17  417  
  0   0  23  18  439  
  0   0  23  19  461  
  0   0  23  20  483  
  0   0  23  21  505  
  0   0  23  22  527  
  0   0  23  23  549  
  0   0  23  24  571  
  0   0  23  25  593  
  0   0  23  26  615  
  0   0  23  27  637  
  0   0  23  28  659  
  0   0  23  29  681  
  0   0  23  30  703  
  0   0  23  31  725  
  0   1   0   0   23  
  0   1   0   1   24  
  0   1   0   2   25  
  0   1   0   3   26  
  0   1   0   4   45  
  0   1   0   5   46  
  0   1   0   6   47  
  0   1   0   7   48  
  0   1   0   8   67  
  0   1   0   9   68  
  0   1   0  10   69  
  0   1   0  11   70  
  0   1   0  12   89  
  0   1   0  13   90  
  0   1   0  14   91  
  0   1   0  15   92  
  0   1   0  16  111  
  0   1   0  17  112  
  0   1   0  18  113  
  0   1   0  19  114  
  0   1   0  20  133  
  0   1   0  21  134  
  0   1   0  22  135  
  0   1   0  23  136  
  0   1   0  24  155  
  0   1   0  25  156  
  0   1   0  26  157  
  0   1   0  27  158  
  0   1   0  28  177  
  0   1   0  29  178  
  0   1   0  30  179  
  0   1   0  31  180  
  0   1   1   0   27  
  0   1   1   1   28  
  0   1   1   2   29  
  0   1   1   3   30  
  0   1   1   4   49  
  0   1   1   5   50  
  0   1   1   6   51  
  0   1   1   7   52  
  0   1   1   8   71  
  0   1   1   9   72  
  0   1   1  10   73  
  0   1   1  11   74  
  0   1   1  12   93  
  0   1   1  13   94  
  0   1   1  14   95  
  0   1   1  15   96  
  0   1   1  16  115  
  0   1   1  17  116  
  0   1   1  18  117  
  0   1   1  19  118  
  0   1   1  20  137  
  0   1   1  21  138  
  0   1   1  22  139  
  0   1   1  23  140  
  0   1   1  24  159  
  0   1   1  25  160  
  0   1   1  26  161  
  0   1   1  27  162  
  0   1   1  28  181  
  0   1   1  29  182  
  0   1   1  30  183  
  0   1   1  31  184  
  0   1   2   0   31  
  0   1   2   1   32  
  0   1   2   2   33  
  0   1   2   3   34  
  0   1   2   4   53  
  0   1   2   5   54  
  0   1   2   6   55  
  0   1   2   7   56  
  0   1   2   8   75  
  0   1   2   9   76  
  0   1   2  10   77  
  0   1   2  11   78  
  0   1   2  12   97  
  0   1   2  13   98  
  0   1   2  14   99  
  0   1   2  15  100  
  0   1   2  16  119  
  0   1   2  17  120  
  0   1   2  18  121  
  0   1   2  19  122  
  0   1   2  20  141  
  0   1   2  21  142  
  0   1   2  22  143  
  0   1   2  23  144  
  0   1   2  24  163  
  0   1   2  25  164  
  0   1   2  26  165  
  0   1   2  27  166  
  0   1   2  28  185  
  0   1   2  29  186  
  0   1   2  30  187  
  0   1   2  31  188  
  0   1   3   0   35  
  0   1   3   1   36  
  0   1   3   2   37  
  0   1   3   3   38  
  0   1   3   4   57  
  0   1   3   5   58  
  0   1   3   6   59  
  0   1   3   7   60  
  0   1   3   8   79  
  0   1   3   9   80  
  0   1   3  10   81  
  0   1   3  11   82  
  0   1   3  12  101  
  0   1   3  13  102  
  0   1   3  14  103  
  0   1   3  15  104  
  0   1   3  16  123  
  0   1   3  17  124  
  0   1   3  18  125  
  0   1   3  19  126  
  0   1   3  20  145  
  0   1   3  21  146  
  0   1   3  22  147  
  0   1   3  23  148  
  0   1   3  24  167  
  0   1   3  25  168  
  0   1   3  26  169  
  0   1   3  27  170  
  0   1   3  28  189  
  0   1   3  29  190  
  0   1   3  30  191  
  0   1   3  31  192  
  0   1   4   0   39  
  0   1   4   1   40  
  0   1   4   2   41  
  0   1   4   3   42  
  0   1   4   4   61  
  0   1   4   5   62  
  0   1   4   6   63  
  0   1   4   7   64  
  0   1   4   8   83  
  0   1   4   9   84  
  0   1   4  10   85  
  0   1   4  11   86  
  0   1   4  12  105  
  0   1   4  13  106  
  0   1   4  14  107  
  0   1   4  15  108  
  0   1   4  16  127  
  0   1   4  17  128  
  0   1   4  18  129  
  0   1   4  19  130  
  0   1   4  20  149  
  0   1   4  21  150  
  0   1   4  22  151  
  0   1   4  23  152  
  0   1   4  24  171  
  0   1   4  25  172  
  0   1   4  26  173  
  0   1   4  27  174  
  0   1   4  28  193  
  0   1   4  29  194  
  0   1   4  30  195  
  0   1   4  31  196  
  0   1   5   0  199  
  0   1   5   1  200  
  0   1   5   2  201  
  0   1   5   3  202  
  0   1   5   4  221  
  0   1   5   5  222  
  0   1   5   6  223  
  0   1   5   7  224  
  0   1   5   8  243  
  0   1   5   9  244  
  0   1   5  10  245  
  0   1   5  11  246  
  0   1   5  12  265  
  0   1   5  13  266  
  0   1   5  14  267  
  0   1   5  15  268  
  0   1   5  16  287  
  0   1   5  17  288  
  0   1   5  18  289  
  0   1   5  19  290  
  0   1   5  20  309  
  0   1   5  21  310  
  0   1   5  22  311  
  0   1   5  23  312  
  0   1   5  24  331  
  0   1   5  25  332  
  0   1   5  26  333  
  0   1   5  27  334  
  0   1   5  28  353  
  0   1   5  29  354  
  0   1   5  30  355  
  0   1   5  31  356  
  0   1   6   0  203  
  0   1   6   1  204  
  0   1   6   2  205  
  0   1   6   3  206  
  0   1   6   4  225  
  0   1   6   5  226  
  0   1   6   6  227  
  0   1   6   7  228  
  0   1   6   8  247  
  0   1   6   9  248  
  0   1   6  10  249  
  0   1   6  11  250  
  0   1   6  12  269  
  0   1   6  13  270  
  0   1   6  14  271  
  0   1   6  15  272  
  0   1   6  16  291  
  0   1   6  17  292  
  0   1   6  18  293  
  0   1   6  19  294  
  0   1   6  20  313  
  0   1   6  21  314  
  0   1   6  22  315  
  0   1   6  23  316  
  0   1   6  24  335  
  0   1   6  25  336  
  0   1   6  26  337  
  0   1   6  27  338  
  0   1   6  28  357  
  0   1   6  29  358  
  0   1   6  30  359  
  0   1   6  31  360  
  0   1   7   0  207  
  0   1   7   1  208  
  0   1   7   2  209  
  0   1   7   3  210  
  0   1   7   4  229  
  0   1   7   5  230  
  0   1   7   6  231  
  0   1   7   7  232  
  0   1   7   8  251  
  0   1   7   9  252  
  0   1   7  10  253  
  0   1   7  11  254  
  0   1   7  12  273  
  0   1   7  13  274  
  0   1   7  14  275  
  0   1   7  15  276  
  0   1   7  16  295  
  0   1   7  17  296  
  0   1   7  18  297  
  0   1   7  19  298  
  0   1   7  20  317  
  0   1   7  21  318  
  0   1   7  22  319  
  0   1   7  23  320  
  0   1   7  24  339  
  0   1   7  25  340  
  0   1   7  26  341  
  0   1   7  27  342  
  0   1   7  28  361  
  0   1   7  29  362  
  0   1   7  30  363  
  0   1   7  31  364  
  0   1   8   0  211  
  0   1   8   1  212  
  0   1   8   2  213  
  0   1   8   3  214  
  0   1   8   4  233  
  0   1   8   5  234  
  0   1   8   6  235  
  0   1   8   7  236  
  0   1   8   8  255  
  0   1   8   9  256  
  0   1   8  10  257  
  0   1   8  11  258  
  0   1   8  12  277  
  0   1   8  13  278  
  0   1   8  14  279  
  0   1   8  15  280  
  0   1   8  16  299  
  0   1   8  17  300  
  0   1   8  18  301  
  0   1   8  19  302  
  0   1   8  20  321  
  0   1   8  21  322  
  0   1   8  22  323  
  0   1   8  23  324  
  0   1   8  24  343  
  0   1   8  25  344  
  0   1   8  26  345  
  0   1   8  27  346  
  0   1   8  28  365  
  0   1   8  29  366  
  0   1   8  30  367  
  0   1   8  31  368  
  0   1   9   0  215  
  0   1   9   1  216  
  0   1   9   2  217  
  0   1   9   3  218  
  0   1   9   4  237  
  0   1   9   5  238  
  0   1   9   6  239  
  0   1   9   7  240  
  0   1   9   8  259  
  0   1   9   9  260  
  0   1   9  10  261  
  0   1   9  11  262  
  0   1   9  12  281  
  0   1   9  13  282  
  0   1   9  14  283  
  0   1   9  15  284  
  0   1   9  16  303  
  0   1   9  17  304  
  0   1   9  18  305  
  0   1   9  19  306  
  0   1   9  20  325  
  0   1   9  21  326  
  0   1   9  22  327  
  0   1   9  23  328  
  0   1   9  24  347  
  0   1   9  25  348  
  0   1   9  26  349  
  0   1   9  27  350  
  0   1   9  28  369  
  0   1   9  29  370  
  0   1   9  30  371  
  0   1   9  31  372  
  0   1  10   0  375  
  0   1  10   1  376  
  0   1  10   2  377  
  0   1  10   3  378  
  0   1  10   4  397  
  0   1  10   5  398  
  0   1  10   6  399  
  0   1  10   7  400  
  0   1  10   8  419  
  0   1  10   9  420  
  0   1  10  10  421  
  0   1  10  11  422  
  0   1  10  12  441  
  0   1  10  13  442  
  0   1  10  14  443  
  0   1  10  15  444  
  0   1  10  16  463  
  0   1  10  17  464  
  0   1  10  18  465  
  0   1  10  19  466  
  0   1  10  20  485  
  0   1  10  21  486  
  0   1  10  22  487  
  0   1  10  23  488  
  0   1  10  24  507  
  0   1  10  25  508  
  0   1  10  26  509  
  0   1  10  27  510  
  0   1  10  28  529  
  0   1  10  29  530  
  0   1  10  30  531  
  0   1  10  31  532  
  0   1  11   0  379  
  0   1  11   1  380  
  0   1  11   2  381  
  0   1  11   3  382  
  0   1  11   4  401  
  0   1  11   5  402  
  0   1  11   6  403  
  0   1  11   7  404  
  0   1  11   8  423  
  0   1  11   9  424  
  0   1  11  10  425  
  0   1  11  11  426  
  0   1  11  12  445  
  0   1  11  13  446  
  0   1  11  14  447  
  0   1  11  15  448  
  0   1  11  16  467  
  0   1  11  17  468  
  0   1  11  18  469  
  0   1  11  19  470  
  0   1  11  20  489  
  0   1  11  21  490  
  0   1  11  22  491  
  0   1  11  23  492  
  0   1  11  24  511  
  0   1  11  25  512  
  0   1  11  26  513  
  0   1  11  27  514  
  0   1  11  28  533  
  0   1  11  29  534  
  0   1  11  30  535  
  0   1  11  31  536  
  0   1  12   0  383  
  0   1  12   1  384  
  0   1  12   2  385  
  0   1  12   3  386  
  0   1  12   4  405  
  0   1  12   5  406  
  0   1  12   6  407  
  0   1  12   7  408  
  0   1  12   8  427  
  0   1  12   9  428  
  0   1  12  10  429  
  0   1  12  11  430  
  0   1  12  12  449  
  0   1  12  13  450  
  0   1  12  14  451  
  0   1  12  15  452  
  0   1  12  16  471  
  0   1  12  17  472  
  0   1  12  18  473  
  0   1  12  19  474  
  0   1  12  20  493  
  0   1  12  21  494  
  0   1  12  22  495  
  0   1  12  23  496  
  0   1  12  24  515  
  0   1  12  25  516  
  0   1  12  26  517  
  0   1  12  27  518  
  0   1  12  28  537  
  0   1  12  29  538  
  0   1  12  30  539  
  0   1  12  31  540  
  0   1  13   0  387  
  0   1  13   1  388  
  0   1  13   2  389  
  0   1  13   3  390  
  0   1  13   4  409  
  0   1  13   5  410  
  0   1  13   6  411  
  0   1  13   7  412  
  0   1  13   8  431  
  0   1  13   9  432  
  0   1  13  10  433  
  0   1  13  11  434  
  0   1  13  12  453  
  0   1  13  13  454  
  0   1  13  14  455  
  0   1  13  15  456  
  0   1  13  16  475  
  0   1  13  17  476  
  0   1  13  18  477  
  0   1  13  19  478  
  0   1  13  20  497  
  0   1  13  21  498  
  0   1  13  22  499  
  0   1  13  23  500  
  0   1  13  24  519  
  0   1  13  25  520  
  0   1  13  26  521  
  0   1  13  27  522  
  0   1  13  28  541  
  0   1  13  29  542  
  0   1  13  30  543  
  0   1  13  31  544  
  0   1  14   0  391  
  0   1  14   1  392  
  0   1  14   2  393  
  0   1  14   3  394  
  0   1  14   4  413  
  0   1  14   5  414  
  0   1  14   6  415  
  0   1  14   7  416  
  0   1  14   8  435  
  0   1  14   9  436  
  0   1  14  10  437  
  0   1  14  11  438  
  0   1  14  12  457  
  0   1  14  13  458  
  0   1  14  14  459  
  0   1  14  15  460  
  0   1  14  16  479  
  0   1  14  17  480  
  0   1  14  18  481  
  0   1  14  19  482  
  0   1  14  20  501  
  0   1  14  21  502  
  0   1  14  22  503  
  0   1  14  23  504  
  0   1  14  24  523  
  0   1  14  25  524  
  0   1  14  26  525  
  0   1  14  27  526  
  0   1  14  28  545  
  0   1  14  29  546  
  0   1  14  30  547  
  0   1  14  31  548  
  0   1  15   0  551  
  0   1  15   1  552  
  0   1  15   2  553  
  0   1  15   3  554  
  0   1  15   4  573  
  0   1  15   5  574  
  0   1  15   6  575  
  0   1  15   7  576  
  0   1  15   8  595  
  0   1  15   9  596  
  0   1  15  10  597  
  0   1  15  11  598  
  0   1  15  12  617  
  0   1  15  13  618  
  0   1  15  14  619  
  0   1  15  15  620  
  0   1  15  16  639  
  0   1  15  17  640  
  0   1  15  18  641  
  0   1  15  19  642  
  0   1  15  20  661  
  0   1  15  21  662  
  0   1  15  22  663  
  0   1  15  23  664  
  0   1  15  24  683  
  0   1  15  25  684  
  0   1  15  26  685  
  0   1  15  27  686  
  0   1  15  28  705  
  0   1  15  29  706  
  0   1  15  30  707  
  0   1  15  31  708  
  0   1  16   0  555  
  0   1  16   1  556  
  0   1  16   2  557  
  0   1  16   3  558  
  0   1  16   4  577  
  0   1  16   5  578  
  0   1  16   6  579  
  0   1  16   7  580  
  0   1  16   8  599  
  0   1  16   9  600  
  0   1  16  10  601  
  0   1  16  11  602  
  0   1  16  12  621  
  0   1  16  13  622  
  0   1  16  14  623  
  0   1  16  15  624  
  0   1  16  16  643  
  0   1  16  17  644  
  0   1  16  18  645  
  0   1  16  19  646  
  0   1  16  20  665  
  0   1  16  21  666  
  0   1  16  22  667  
  0   1  16  23  668  
  0   1  16  24  687  
  0   1  16  25  688  
  0   1  16  26  689  
  0   1  16  27  690  
  0   1  16  28  709  
  0   1  16  29  710  
  0   1  16  30  711  
  0   1  16  31  712  
  0   1  17   0  559  
  0   1  17   1  560  
  0   1  17   2  561  
  0   1  17   3  562  
  0   1  17   4  581  
  0   1  17   5  582  
  0   1  17   6  583  
  0   1  17   7  584  
  0   1  17   8  603  
  0   1  17   9  604  
  0   1  17  10  605  
  0   1  17  11  606  
  0   1  17  12  625  
  0   1  17  13  626  
  0   1  17  14  627  
  0   1  17  15  628  
  0   1  17  16  647  
  0   1  17  17  648  
  0   1  17  18  649  
  0   1  17  19  650  
  0   1  17  20  669  
  0   1  17  21  670  
  0   1  17  22  671  
  0   1  17  23  672  
  0   1  17  24  691  
  0   1  17  25  692  
  0   1  17  26  693  
  0   1  17  27  694  
  0   1  17  28  713  
  0   1  17  29  714  
  0   1  17  30  715  
  0   1  17  31  716  
  0   1  18   0  563  
  0   1  18   1  564  
  0   1  18   2  565  
  0   1  18   3  566  
  0   1  18   4  585  
  0   1  18   5  586  
  0   1  18   6  587  
  0   1  18   7  588  
  0   1  18   8  607  
  0   1  18   9  608  
  0   1  18  10  609  
  0   1  18  11  610  
  0   1  18  12  629  
  0   1  18  13  630  
  0   1  18  14  631  
  0   1  18  15  632  
  0   1  18  16  651  
  0   1  18  17  652  
  0   1  18  18  653  
  0   1  18  19  654  
  0   1  18  20  673  
  0   1  18  21  674  
  0   1  18  22  675  
  0   1  18  23  676  
  0   1  18  24  695  
  0   1  18  25  696  
  0   1  18  26  697  
  0   1  18  27  698  
  0   1  18  28  717  
  0   1  18  29  718  
  0   1  18  30  719  
  0   1  18  31  720  
  0   1  19   0  567  
  0   1  19   1  568  
  0   1  19   2  569  
  0   1  19   3  570  
  0   1  19   4  589  
  0   1  19   5  590  
  0   1  19   6  591  
  0   1  19   7  592  
  0   1  19   8  611  
  0   1  19   9  612  
  0   1  19  10  613  
  0   1  19  11  614  
  0   1  19  12  633  
  0   1  19  13  634  
  0   1  19  14  635  
  0   1  19  15  636  
  0   1  19  16  655  
  0   1  19  17  656  
  0   1  19  18  657  
  0   1  19  19  658  
  0   1  19  20  677  
  0   1  19  21  678  
  0   1  19  22  679  
  0   1  19  23  680  
  0   1  19  24  699  
  0   1  19  25  700  
  0   1  19  26  701  
  0   1  19  27  702  
  0   1  19  28  721  
  0   1  19  29  722  
  0   1  19  30  723  
  0   1  19  31  724  
  0   1  20   0    0  
  0   1  20   1    1  
  0   1  20   2    2  
  0   1  20   3    3  
  0   1  20   4    4  
  0   1  20   5    5  
  0   1  20   6    6  
  0   1  20   7    7  
  0   1  20   8    8  
  0   1  20   9    9  
  0   1  20  10   10  
  0   1  20  11   11  
  0   1  20  12   12  
  0   1  20  13   13  
  0   1  20  14   14  
  0   1  20  15   15  
  0   1  20  16   16  
  0   1  20  17   17  
  0   1  20  18   18  
  0   1  20  19   19  
  0   1  20  20   20  
  0   1  20  21   21  
  0   1  21   0  726  
  0   1  21   1  727  
  0   1  21   2  728  
  0   1  21   3  729  
  0   1  21   4  730  
  0   1  21   5  731  
  0   1  21   6  732  
  0   1  21   7  733  
  0   1  21   8  734  
  0   1  21   9  735  
  0   1  21  10  736  
  0   1  21  11  737  
  0   1  21  12  738  
  0   1  21  13  739  
  0   1  21  14  740  
  0   1  21  15  741  
  0   1  21  16  742  
  0   1  21  17  743  
  0   1  21  18  744  
  0   1  21  19  745  
  0   1  21  20  746  
  0   1  21  21  747  
  0   1  22   0   22  
  0   1  22   1   44  
  0   1  22   2   66  
  0   1  22   3   88  
  0   1  22   4  110  
  0   1  22   5  132  
  0   1  22   6  154  
  0   1  22   7  176  
  0   1  22   8  198  
  0   1  22   9  220  
  0   1  22  10  242  
  0   1  22  11  264  
  0   1  22  12  286  
  0   1  22  13  308  
  0   1  22  14  330  
  0   1  22  15  352  
  0   1  22  16  374  
  0   1  22  17  396  
  0   1  22  18  418  
  0   1  22  19  440  
  0   1  22  20  462  
  0   1  22  21  484  
  0   1  22  22  506  
  0   1  22  23  528  
  0   1  22  24  550  
  0   1  22  25  572  
  0   1  22  26  594  
  0   1  22  27  616  
  0   1  22  28  638  
  0   1  22  29  660  
  0   1  22  30  682  
  0   1  22  31  704  
  0   1  23   0   43  
  0   1  23   1   65  
  0   1  23   2   87  
  0   1  23   3  109  
  0   1  23   4  131  
  0   1  23   5  153  
  0   1  23   6  175  
  0   1  23   7  197  
  0   1  23   8  219  
  0   1  23   9  241  
  0   1  23  10  263  
  0   1  23  11  285  
  0   1  23  12  307  
  0   1  23  13  329  
  0   1  23  14  351  
  0   1  23  15  373  
  0   1  23  16  395  
  0   1  23  17  417  
  0   1  23  18  439  
  0   1  23  19  461  
  0   1  23  20  483  
  0   1  23  21  505  
  0   1  23  22  527  
  0   1  23  23  549  
  0   1  23  24  571  
  0   1  23  25  593  
  0   1  23  26  615  
  0   1  23  27  637  
  0   1  23  28  659  
  0   1  23  29  681  
  0   1  23  30  703  
  0   1  23  31  725  
