  0   0   1   1 
  0   1   1   2 
  0   2   1   3 
  0   3   1   4 
  0   4   1   5 
  0   5   1   6 
  0   6   1   7 
  0   7   1   8 
  0   8   1   9 
  0   9   1  10 
  0  10   1  11 
  0  11   1  12 
  0  12   1  13 
  0  13   1  14 
  0  14   1  15 
  0  15   1  16 
  0  16   1  17 
  0  17   1  18 
  0  18   1  19 
  0  19   1  20 
  0  20   1  21 
  0  21   1  22 
  0  22   2   1 
  0  23   2   2 
  0  24   2   3 
  0  25   2   4 
  0  26   2   5 
  0  27   2   6 
  0  28   2   7 
  0  29   2   8 
  0  30   2   9 
  0  31   2  10 
  0  32   2  11 
  0  33   2  12 
  0  34   2  13 
  0  35   2  14 
  0  36   2  15 
  0  37   2  16 
  0  38   2  17 
  0  39   2  18 
  0  40   2  19 
  0  41   2  20 
  0  42   2  21 
  0  43   2  22 
  0  44   3   1 
  0  45   3   2 
  0  46   3   3 
  0  47   3   4 
  0  48   3   5 
  0  49   3   6 
  0  50   3   7 
  0  51   3   8 
  0  52   3   9 
  0  53   3  10 
  0  54   3  11 
  0  55   3  12 
  0  56   3  13 
  0  57   3  14 
  0  58   3  15 
  0  59   3  16 
  0  60   3  17 
  0  61   3  18 
  0  62   3  19 
  0  63   3  20 
  0  64   3  21 
  0  65   3  22 
  0  66   4   1 
  0  67   4   2 
  0  68   4   3 
  0  69   4   4 
  0  70   4   5 
  0  71   4   6 
  0  72   4   7 
  0  73   4   8 
  0  74   4   9 
  0  75   4  10 
  0  76   4  11 
  0  77   4  12 
  0  78   4  13 
  0  79   4  14 
  0  80   4  15 
  0  81   4  16 
  0  82   4  17 
  0  83   4  18 
  0  84   4  19 
  0  85   4  20 
  0  86   4  21 
  0  87   4  22 
  0  88   5   1 
  0  89   5   2 
  0  90   5   3 
  0  91   5   4 
  0  92   5   5 
  0  93   5   6 
  0  94   5   7 
  0  95   5   8 
  0  96   5   9 
  0  97   5  10 
  0  98   5  11 
  0  99   5  12 
  0 100   5  13 
  0 101   5  14 
  0 102   5  15 
  0 103   5  16 
  0 104   5  17 
  0 105   5  18 
  0 106   5  19 
  0 107   5  20 
  0 108   5  21 
  0 109   5  22 
  0 110   6   1 
  0 111   6   2 
  0 112   6   3 
  0 113   6   4 
  0 114   6   5 
  0 115   6   6 
  0 116   6   7 
  0 117   6   8 
  0 118   6   9 
  0 119   6  10 
  0 120   6  11 
  0 121   6  12 
  0 122   6  13 
  0 123   6  14 
  0 124   6  15 
  0 125   6  16 
  0 126   6  17 
  0 127   6  18 
  0 128   6  19 
  0 129   6  20 
  0 130   6  21 
  0 131   6  22 
  0 132   7   1 
  0 133   7   2 
  0 134   7   3 
  0 135   7   4 
  0 136   7   5 
  0 137   7   6 
  0 138   7   7 
  0 139   7   8 
  0 140   7   9 
  0 141   7  10 
  0 142   7  11 
  0 143   7  12 
  0 144   7  13 
  0 145   7  14 
  0 146   7  15 
  0 147   7  16 
  0 148   7  17 
  0 149   7  18 
  0 150   7  19 
  0 151   7  20 
  0 152   7  21 
  0 153   7  22 
  0 154   8   1 
  0 155   8   2 
  0 156   8   3 
  0 157   8   4 
  0 158   8   5 
  0 159   8   6 
  0 160   8   7 
  0 161   8   8 
  0 162   8   9 
  0 163   8  10 
  0 164   8  11 
  0 165   8  12 
  0 166   8  13 
  0 167   8  14 
  0 168   8  15 
  0 169   8  16 
  0 170   8  17 
  0 171   8  18 
  0 172   8  19 
  0 173   8  20 
  0 174   8  21 
  0 175   8  22 
  0 176   9   1 
  0 177   9   2 
  0 178   9   3 
  0 179   9   4 
  0 180   9   5 
  0 181   9   6 
  0 182   9   7 
  0 183   9   8 
  0 184   9   9 
  0 185   9  10 
  0 186   9  11 
  0 187   9  12 
  0 188   9  13 
  0 189   9  14 
  0 190   9  15 
  0 191   9  16 
  0 192   9  17 
  0 193   9  18 
  0 194   9  19 
  0 195   9  20 
  0 196   9  21 
  0 197   9  22 
  0 198  10   1 
  0 199  10   2 
  0 200  10   3 
  0 201  10   4 
  0 202  10   5 
  0 203  10   6 
  0 204  10   7 
  0 205  10   8 
  0 206  10   9 
  0 207  10  10 
  0 208  10  11 
  0 209  10  12 
  0 210  10  13 
  0 211  10  14 
  0 212  10  15 
  0 213  10  16 
  0 214  10  17 
  0 215  10  18 
  0 216  10  19 
  0 217  10  20 
  0 218  10  21 
  0 219  10  22 
  0 220  11   1 
  0 221  11   2 
  0 222  11   3 
  0 223  11   4 
  0 224  11   5 
  0 225  11   6 
  0 226  11   7 
  0 227  11   8 
  0 228  11   9 
  0 229  11  10 
  0 230  11  11 
  0 231  11  12 
  0 232  11  13 
  0 233  11  14 
  0 234  11  15 
  0 235  11  16 
  0 236  11  17 
  0 237  11  18 
  0 238  11  19 
  0 239  11  20 
  0 240  11  21 
  0 241  11  22 
  0 242  12   1 
  0 243  12   2 
  0 244  12   3 
  0 245  12   4 
  0 246  12   5 
  0 247  12   6 
  0 248  12   7 
  0 249  12   8 
  0 250  12   9 
  0 251  12  10 
  0 252  12  11 
  0 253  12  12 
  0 254  12  13 
  0 255  12  14 
  0 256  12  15 
  0 257  12  16 
  0 258  12  17 
  0 259  12  18 
  0 260  12  19 
  0 261  12  20 
  0 262  12  21 
  0 263  12  22 
  0 264  13   1 
  0 265  13   2 
  0 266  13   3 
  0 267  13   4 
  0 268  13   5 
  0 269  13   6 
  0 270  13   7 
  0 271  13   8 
  0 272  13   9 
  0 273  13  10 
  0 274  13  11 
  0 275  13  12 
  0 276  13  13 
  0 277  13  14 
  0 278  13  15 
  0 279  13  16 
  0 280  13  17 
  0 281  13  18 
  0 282  13  19 
  0 283  13  20 
  0 284  13  21 
  0 285  13  22 
  0 286  14   1 
  0 287  14   2 
  0 288  14   3 
  0 289  14   4 
  0 290  14   5 
  0 291  14   6 
  0 292  14   7 
  0 293  14   8 
  0 294  14   9 
  0 295  14  10 
  0 296  14  11 
  0 297  14  12 
  0 298  14  13 
  0 299  14  14 
  0 300  14  15 
  0 301  14  16 
  0 302  14  17 
  0 303  14  18 
  0 304  14  19 
  0 305  14  20 
  0 306  14  21 
  0 307  14  22 
  0 308  15   1 
  0 309  15   2 
  0 310  15   3 
  0 311  15   4 
  0 312  15   5 
  0 313  15   6 
  0 314  15   7 
  0 315  15   8 
  0 316  15   9 
  0 317  15  10 
  0 318  15  11 
  0 319  15  12 
  0 320  15  13 
  0 321  15  14 
  0 322  15  15 
  0 323  15  16 
  0 324  15  17 
  0 325  15  18 
  0 326  15  19 
  0 327  15  20 
  0 328  15  21 
  0 329  15  22 
  0 330  16   1 
  0 331  16   2 
  0 332  16   3 
  0 333  16   4 
  0 334  16   5 
  0 335  16   6 
  0 336  16   7 
  0 337  16   8 
  0 338  16   9 
  0 339  16  10 
  0 340  16  11 
  0 341  16  12 
  0 342  16  13 
  0 343  16  14 
  0 344  16  15 
  0 345  16  16 
  0 346  16  17 
  0 347  16  18 
  0 348  16  19 
  0 349  16  20 
  0 350  16  21 
  0 351  16  22 
  0 352  17   1 
  0 353  17   2 
  0 354  17   3 
  0 355  17   4 
  0 356  17   5 
  0 357  17   6 
  0 358  17   7 
  0 359  17   8 
  0 360  17   9 
  0 361  17  10 
  0 362  17  11 
  0 363  17  12 
  0 364  17  13 
  0 365  17  14 
  0 366  17  15 
  0 367  17  16 
  0 368  17  17 
  0 369  17  18 
  0 370  17  19 
  0 371  17  20 
  0 372  17  21 
  0 373  17  22 
  0 374  18   1 
  0 375  18   2 
  0 376  18   3 
  0 377  18   4 
  0 378  18   5 
  0 379  18   6 
  0 380  18   7 
  0 381  18   8 
  0 382  18   9 
  0 383  18  10 
  0 384  18  11 
  0 385  18  12 
  0 386  18  13 
  0 387  18  14 
  0 388  18  15 
  0 389  18  16 
  0 390  18  17 
  0 391  18  18 
  0 392  18  19 
  0 393  18  20 
  0 394  18  21 
  0 395  18  22 
  0 396  19   1 
  0 397  19   2 
  0 398  19   3 
  0 399  19   4 
  0 400  19   5 
  0 401  19   6 
  0 402  19   7 
  0 403  19   8 
  0 404  19   9 
  0 405  19  10 
  0 406  19  11 
  0 407  19  12 
  0 408  19  13 
  0 409  19  14 
  0 410  19  15 
  0 411  19  16 
  0 412  19  17 
  0 413  19  18 
  0 414  19  19 
  0 415  19  20 
  0 416  19  21 
  0 417  19  22 
  0 418  20   1 
  0 419  20   2 
  0 420  20   3 
  0 421  20   4 
  0 422  20   5 
  0 423  20   6 
  0 424  20   7 
  0 425  20   8 
  0 426  20   9 
  0 427  20  10 
  0 428  20  11 
  0 429  20  12 
  0 430  20  13 
  0 431  20  14 
  0 432  20  15 
  0 433  20  16 
  0 434  20  17 
  0 435  20  18 
  0 436  20  19 
  0 437  20  20 
  0 438  20  21 
  0 439  20  22 
  0 440  21   1 
  0 441  21   2 
  0 442  21   3 
  0 443  21   4 
  0 444  21   5 
  0 445  21   6 
  0 446  21   7 
  0 447  21   8 
  0 448  21   9 
  0 449  21  10 
  0 450  21  11 
  0 451  21  12 
  0 452  21  13 
  0 453  21  14 
  0 454  21  15 
  0 455  21  16 
  0 456  21  17 
  0 457  21  18 
  0 458  21  19 
  0 459  21  20 
  0 460  21  21 
  0 461  21  22 
  0 462  22   1 
  0 463  22   2 
  0 464  22   3 
  0 465  22   4 
  0 466  22   5 
  0 467  22   6 
  0 468  22   7 
  0 469  22   8 
  0 470  22   9 
  0 471  22  10 
  0 472  22  11 
  0 473  22  12 
  0 474  22  13 
  0 475  22  14 
  0 476  22  15 
  0 477  22  16 
  0 478  22  17 
  0 479  22  18 
  0 480  22  19 
  0 481  22  20 
  0 482  22  21 
  0 483  22  22 
  0 484  23   1 
  0 485  23   2 
  0 486  23   3 
  0 487  23   4 
  0 488  23   5 
  0 489  23   6 
  0 490  23   7 
  0 491  23   8 
  0 492  23   9 
  0 493  23  10 
  0 494  23  11 
  0 495  23  12 
  0 496  23  13 
  0 497  23  14 
  0 498  23  15 
  0 499  23  16 
  0 500  23  17 
  0 501  23  18 
  0 502  23  19 
  0 503  23  20 
  0 504  23  21 
  0 505  23  22 
  0 506  24   1 
  0 507  24   2 
  0 508  24   3 
  0 509  24   4 
  0 510  24   5 
  0 511  24   6 
  0 512  24   7 
  0 513  24   8 
  0 514  24   9 
  0 515  24  10 
  0 516  24  11 
  0 517  24  12 
  0 518  24  13 
  0 519  24  14 
  0 520  24  15 
  0 521  24  16 
  0 522  24  17 
  0 523  24  18 
  0 524  24  19 
  0 525  24  20 
  0 526  24  21 
  0 527  24  22 
  0 528  25   1 
  0 529  25   2 
  0 530  25   3 
  0 531  25   4 
  0 532  25   5 
  0 533  25   6 
  0 534  25   7 
  0 535  25   8 
  0 536  25   9 
  0 537  25  10 
  0 538  25  11 
  0 539  25  12 
  0 540  25  13 
  0 541  25  14 
  0 542  25  15 
  0 543  25  16 
  0 544  25  17 
  0 545  25  18 
  0 546  25  19 
  0 547  25  20 
  0 548  25  21 
  0 549  25  22 
  0 550  26   1 
  0 551  26   2 
  0 552  26   3 
  0 553  26   4 
  0 554  26   5 
  0 555  26   6 
  0 556  26   7 
  0 557  26   8 
  0 558  26   9 
  0 559  26  10 
  0 560  26  11 
  0 561  26  12 
  0 562  26  13 
  0 563  26  14 
  0 564  26  15 
  0 565  26  16 
  0 566  26  17 
  0 567  26  18 
  0 568  26  19 
  0 569  26  20 
  0 570  26  21 
  0 571  26  22 
  0 572  27   1 
  0 573  27   2 
  0 574  27   3 
  0 575  27   4 
  0 576  27   5 
  0 577  27   6 
  0 578  27   7 
  0 579  27   8 
  0 580  27   9 
  0 581  27  10 
  0 582  27  11 
  0 583  27  12 
  0 584  27  13 
  0 585  27  14 
  0 586  27  15 
  0 587  27  16 
  0 588  27  17 
  0 589  27  18 
  0 590  27  19 
  0 591  27  20 
  0 592  27  21 
  0 593  27  22 
  0 594  28   1 
  0 595  28   2 
  0 596  28   3 
  0 597  28   4 
  0 598  28   5 
  0 599  28   6 
  0 600  28   7 
  0 601  28   8 
  0 602  28   9 
  0 603  28  10 
  0 604  28  11 
  0 605  28  12 
  0 606  28  13 
  0 607  28  14 
  0 608  28  15 
  0 609  28  16 
  0 610  28  17 
  0 611  28  18 
  0 612  28  19 
  0 613  28  20 
  0 614  28  21 
  0 615  28  22 
  0 616  29   1 
  0 617  29   2 
  0 618  29   3 
  0 619  29   4 
  0 620  29   5 
  0 621  29   6 
  0 622  29   7 
  0 623  29   8 
  0 624  29   9 
  0 625  29  10 
  0 626  29  11 
  0 627  29  12 
  0 628  29  13 
  0 629  29  14 
  0 630  29  15 
  0 631  29  16 
  0 632  29  17 
  0 633  29  18 
  0 634  29  19 
  0 635  29  20 
  0 636  29  21 
  0 637  29  22 
  0 638  30   1 
  0 639  30   2 
  0 640  30   3 
  0 641  30   4 
  0 642  30   5 
  0 643  30   6 
  0 644  30   7 
  0 645  30   8 
  0 646  30   9 
  0 647  30  10 
  0 648  30  11 
  0 649  30  12 
  0 650  30  13 
  0 651  30  14 
  0 652  30  15 
  0 653  30  16 
  0 654  30  17 
  0 655  30  18 
  0 656  30  19 
  0 657  30  20 
  0 658  30  21 
  0 659  30  22 
  0 660  31   1 
  0 661  31   2 
  0 662  31   3 
  0 663  31   4 
  0 664  31   5 
  0 665  31   6 
  0 666  31   7 
  0 667  31   8 
  0 668  31   9 
  0 669  31  10 
  0 670  31  11 
  0 671  31  12 
  0 672  31  13 
  0 673  31  14 
  0 674  31  15 
  0 675  31  16 
  0 676  31  17 
  0 677  31  18 
  0 678  31  19 
  0 679  31  20 
  0 680  31  21 
  0 681  31  22 
  0 682  32   1 
  0 683  32   2 
  0 684  32   3 
  0 685  32   4 
  0 686  32   5 
  0 687  32   6 
  0 688  32   7 
  0 689  32   8 
  0 690  32   9 
  0 691  32  10 
  0 692  32  11 
  0 693  32  12 
  0 694  32  13 
  0 695  32  14 
  0 696  32  15 
  0 697  32  16 
  0 698  32  17 
  0 699  32  18 
  0 700  32  19 
  0 701  32  20 
  0 702  32  21 
  0 703  32  22 
  0 704  33   1 
  0 705  33   2 
  0 706  33   3 
  0 707  33   4 
  0 708  33   5 
  0 709  33   6 
  0 710  33   7 
  0 711  33   8 
  0 712  33   9 
  0 713  33  10 
  0 714  33  11 
  0 715  33  12 
  0 716  33  13 
  0 717  33  14 
  0 718  33  15 
  0 719  33  16 
  0 720  33  17 
  0 721  33  18 
  0 722  33  19 
  0 723  33  20 
  0 724  33  21 
  0 725  33  22 
  0 726  34   1 
  0 727  34   2 
  0 728  34   3 
  0 729  34   4 
  0 730  34   5 
  0 731  34   6 
  0 732  34   7 
  0 733  34   8 
  0 734  34   9 
  0 735  34  10 
  0 736  34  11 
  0 737  34  12 
  0 738  34  13 
  0 739  34  14 
  0 740  34  15 
  0 741  34  16 
  0 742  34  17 
  0 743  34  18 
  0 744  34  19 
  0 745  34  20 
  0 746  34  21 
  0 747  34  22 
  1   0   1   1 
  1   1   1   2 
  1   2   1   3 
  1   3   1   4 
  1   4   1   5 
  1   5   1   6 
  1   6   1   7 
  1   7   1   8 
  1   8   1   9 
  1   9   1  10 
  1  10   1  11 
  1  11   1  12 
  1  12   1  13 
  1  13   1  14 
  1  14   1  15 
  1  15   1  16 
  1  16   1  17 
  1  17   1  18 
  1  18   1  19 
  1  19   1  20 
  1  20   1  21 
  1  21   1  22 
  1  22   2   1 
  1  23   2   2 
  1  24   2   3 
  1  25   2   4 
  1  26   2   5 
  1  27   2   6 
  1  28   2   7 
  1  29   2   8 
  1  30   2   9 
  1  31   2  10 
  1  32   2  11 
  1  33   2  12 
  1  34   2  13 
  1  35   2  14 
  1  36   2  15 
  1  37   2  16 
  1  38   2  17 
  1  39   2  18 
  1  40   2  19 
  1  41   2  20 
  1  42   2  21 
  1  43   2  22 
  1  44   3   1 
  1  45   3   2 
  1  46   3   3 
  1  47   3   4 
  1  48   3   5 
  1  49   3   6 
  1  50   3   7 
  1  51   3   8 
  1  52   3   9 
  1  53   3  10 
  1  54   3  11 
  1  55   3  12 
  1  56   3  13 
  1  57   3  14 
  1  58   3  15 
  1  59   3  16 
  1  60   3  17 
  1  61   3  18 
  1  62   3  19 
  1  63   3  20 
  1  64   3  21 
  1  65   3  22 
  1  66   4   1 
  1  67   4   2 
  1  68   4   3 
  1  69   4   4 
  1  70   4   5 
  1  71   4   6 
  1  72   4   7 
  1  73   4   8 
  1  74   4   9 
  1  75   4  10 
  1  76   4  11 
  1  77   4  12 
  1  78   4  13 
  1  79   4  14 
  1  80   4  15 
  1  81   4  16 
  1  82   4  17 
  1  83   4  18 
  1  84   4  19 
  1  85   4  20 
  1  86   4  21 
  1  87   4  22 
  1  88   5   1 
  1  89   5   2 
  1  90   5   3 
  1  91   5   4 
  1  92   5   5 
  1  93   5   6 
  1  94   5   7 
  1  95   5   8 
  1  96   5   9 
  1  97   5  10 
  1  98   5  11 
  1  99   5  12 
  1 100   5  13 
  1 101   5  14 
  1 102   5  15 
  1 103   5  16 
  1 104   5  17 
  1 105   5  18 
  1 106   5  19 
  1 107   5  20 
  1 108   5  21 
  1 109   5  22 
  1 110   6   1 
  1 111   6   2 
  1 112   6   3 
  1 113   6   4 
  1 114   6   5 
  1 115   6   6 
  1 116   6   7 
  1 117   6   8 
  1 118   6   9 
  1 119   6  10 
  1 120   6  11 
  1 121   6  12 
  1 122   6  13 
  1 123   6  14 
  1 124   6  15 
  1 125   6  16 
  1 126   6  17 
  1 127   6  18 
  1 128   6  19 
  1 129   6  20 
  1 130   6  21 
  1 131   6  22 
  1 132   7   1 
  1 133   7   2 
  1 134   7   3 
  1 135   7   4 
  1 136   7   5 
  1 137   7   6 
  1 138   7   7 
  1 139   7   8 
  1 140   7   9 
  1 141   7  10 
  1 142   7  11 
  1 143   7  12 
  1 144   7  13 
  1 145   7  14 
  1 146   7  15 
  1 147   7  16 
  1 148   7  17 
  1 149   7  18 
  1 150   7  19 
  1 151   7  20 
  1 152   7  21 
  1 153   7  22 
  1 154   8   1 
  1 155   8   2 
  1 156   8   3 
  1 157   8   4 
  1 158   8   5 
  1 159   8   6 
  1 160   8   7 
  1 161   8   8 
  1 162   8   9 
  1 163   8  10 
  1 164   8  11 
  1 165   8  12 
  1 166   8  13 
  1 167   8  14 
  1 168   8  15 
  1 169   8  16 
  1 170   8  17 
  1 171   8  18 
  1 172   8  19 
  1 173   8  20 
  1 174   8  21 
  1 175   8  22 
  1 176   9   1 
  1 177   9   2 
  1 178   9   3 
  1 179   9   4 
  1 180   9   5 
  1 181   9   6 
  1 182   9   7 
  1 183   9   8 
  1 184   9   9 
  1 185   9  10 
  1 186   9  11 
  1 187   9  12 
  1 188   9  13 
  1 189   9  14 
  1 190   9  15 
  1 191   9  16 
  1 192   9  17 
  1 193   9  18 
  1 194   9  19 
  1 195   9  20 
  1 196   9  21 
  1 197   9  22 
  1 198  10   1 
  1 199  10   2 
  1 200  10   3 
  1 201  10   4 
  1 202  10   5 
  1 203  10   6 
  1 204  10   7 
  1 205  10   8 
  1 206  10   9 
  1 207  10  10 
  1 208  10  11 
  1 209  10  12 
  1 210  10  13 
  1 211  10  14 
  1 212  10  15 
  1 213  10  16 
  1 214  10  17 
  1 215  10  18 
  1 216  10  19 
  1 217  10  20 
  1 218  10  21 
  1 219  10  22 
  1 220  11   1 
  1 221  11   2 
  1 222  11   3 
  1 223  11   4 
  1 224  11   5 
  1 225  11   6 
  1 226  11   7 
  1 227  11   8 
  1 228  11   9 
  1 229  11  10 
  1 230  11  11 
  1 231  11  12 
  1 232  11  13 
  1 233  11  14 
  1 234  11  15 
  1 235  11  16 
  1 236  11  17 
  1 237  11  18 
  1 238  11  19 
  1 239  11  20 
  1 240  11  21 
  1 241  11  22 
  1 242  12   1 
  1 243  12   2 
  1 244  12   3 
  1 245  12   4 
  1 246  12   5 
  1 247  12   6 
  1 248  12   7 
  1 249  12   8 
  1 250  12   9 
  1 251  12  10 
  1 252  12  11 
  1 253  12  12 
  1 254  12  13 
  1 255  12  14 
  1 256  12  15 
  1 257  12  16 
  1 258  12  17 
  1 259  12  18 
  1 260  12  19 
  1 261  12  20 
  1 262  12  21 
  1 263  12  22 
  1 264  13   1 
  1 265  13   2 
  1 266  13   3 
  1 267  13   4 
  1 268  13   5 
  1 269  13   6 
  1 270  13   7 
  1 271  13   8 
  1 272  13   9 
  1 273  13  10 
  1 274  13  11 
  1 275  13  12 
  1 276  13  13 
  1 277  13  14 
  1 278  13  15 
  1 279  13  16 
  1 280  13  17 
  1 281  13  18 
  1 282  13  19 
  1 283  13  20 
  1 284  13  21 
  1 285  13  22 
  1 286  14   1 
  1 287  14   2 
  1 288  14   3 
  1 289  14   4 
  1 290  14   5 
  1 291  14   6 
  1 292  14   7 
  1 293  14   8 
  1 294  14   9 
  1 295  14  10 
  1 296  14  11 
  1 297  14  12 
  1 298  14  13 
  1 299  14  14 
  1 300  14  15 
  1 301  14  16 
  1 302  14  17 
  1 303  14  18 
  1 304  14  19 
  1 305  14  20 
  1 306  14  21 
  1 307  14  22 
  1 308  15   1 
  1 309  15   2 
  1 310  15   3 
  1 311  15   4 
  1 312  15   5 
  1 313  15   6 
  1 314  15   7 
  1 315  15   8 
  1 316  15   9 
  1 317  15  10 
  1 318  15  11 
  1 319  15  12 
  1 320  15  13 
  1 321  15  14 
  1 322  15  15 
  1 323  15  16 
  1 324  15  17 
  1 325  15  18 
  1 326  15  19 
  1 327  15  20 
  1 328  15  21 
  1 329  15  22 
  1 330  16   1 
  1 331  16   2 
  1 332  16   3 
  1 333  16   4 
  1 334  16   5 
  1 335  16   6 
  1 336  16   7 
  1 337  16   8 
  1 338  16   9 
  1 339  16  10 
  1 340  16  11 
  1 341  16  12 
  1 342  16  13 
  1 343  16  14 
  1 344  16  15 
  1 345  16  16 
  1 346  16  17 
  1 347  16  18 
  1 348  16  19 
  1 349  16  20 
  1 350  16  21 
  1 351  16  22 
  1 352  17   1 
  1 353  17   2 
  1 354  17   3 
  1 355  17   4 
  1 356  17   5 
  1 357  17   6 
  1 358  17   7 
  1 359  17   8 
  1 360  17   9 
  1 361  17  10 
  1 362  17  11 
  1 363  17  12 
  1 364  17  13 
  1 365  17  14 
  1 366  17  15 
  1 367  17  16 
  1 368  17  17 
  1 369  17  18 
  1 370  17  19 
  1 371  17  20 
  1 372  17  21 
  1 373  17  22 
  1 374  18   1 
  1 375  18   2 
  1 376  18   3 
  1 377  18   4 
  1 378  18   5 
  1 379  18   6 
  1 380  18   7 
  1 381  18   8 
  1 382  18   9 
  1 383  18  10 
  1 384  18  11 
  1 385  18  12 
  1 386  18  13 
  1 387  18  14 
  1 388  18  15 
  1 389  18  16 
  1 390  18  17 
  1 391  18  18 
  1 392  18  19 
  1 393  18  20 
  1 394  18  21 
  1 395  18  22 
  1 396  19   1 
  1 397  19   2 
  1 398  19   3 
  1 399  19   4 
  1 400  19   5 
  1 401  19   6 
  1 402  19   7 
  1 403  19   8 
  1 404  19   9 
  1 405  19  10 
  1 406  19  11 
  1 407  19  12 
  1 408  19  13 
  1 409  19  14 
  1 410  19  15 
  1 411  19  16 
  1 412  19  17 
  1 413  19  18 
  1 414  19  19 
  1 415  19  20 
  1 416  19  21 
  1 417  19  22 
  1 418  20   1 
  1 419  20   2 
  1 420  20   3 
  1 421  20   4 
  1 422  20   5 
  1 423  20   6 
  1 424  20   7 
  1 425  20   8 
  1 426  20   9 
  1 427  20  10 
  1 428  20  11 
  1 429  20  12 
  1 430  20  13 
  1 431  20  14 
  1 432  20  15 
  1 433  20  16 
  1 434  20  17 
  1 435  20  18 
  1 436  20  19 
  1 437  20  20 
  1 438  20  21 
  1 439  20  22 
  1 440  21   1 
  1 441  21   2 
  1 442  21   3 
  1 443  21   4 
  1 444  21   5 
  1 445  21   6 
  1 446  21   7 
  1 447  21   8 
  1 448  21   9 
  1 449  21  10 
  1 450  21  11 
  1 451  21  12 
  1 452  21  13 
  1 453  21  14 
  1 454  21  15 
  1 455  21  16 
  1 456  21  17 
  1 457  21  18 
  1 458  21  19 
  1 459  21  20 
  1 460  21  21 
  1 461  21  22 
  1 462  22   1 
  1 463  22   2 
  1 464  22   3 
  1 465  22   4 
  1 466  22   5 
  1 467  22   6 
  1 468  22   7 
  1 469  22   8 
  1 470  22   9 
  1 471  22  10 
  1 472  22  11 
  1 473  22  12 
  1 474  22  13 
  1 475  22  14 
  1 476  22  15 
  1 477  22  16 
  1 478  22  17 
  1 479  22  18 
  1 480  22  19 
  1 481  22  20 
  1 482  22  21 
  1 483  22  22 
  1 484  23   1 
  1 485  23   2 
  1 486  23   3 
  1 487  23   4 
  1 488  23   5 
  1 489  23   6 
  1 490  23   7 
  1 491  23   8 
  1 492  23   9 
  1 493  23  10 
  1 494  23  11 
  1 495  23  12 
  1 496  23  13 
  1 497  23  14 
  1 498  23  15 
  1 499  23  16 
  1 500  23  17 
  1 501  23  18 
  1 502  23  19 
  1 503  23  20 
  1 504  23  21 
  1 505  23  22 
  1 506  24   1 
  1 507  24   2 
  1 508  24   3 
  1 509  24   4 
  1 510  24   5 
  1 511  24   6 
  1 512  24   7 
  1 513  24   8 
  1 514  24   9 
  1 515  24  10 
  1 516  24  11 
  1 517  24  12 
  1 518  24  13 
  1 519  24  14 
  1 520  24  15 
  1 521  24  16 
  1 522  24  17 
  1 523  24  18 
  1 524  24  19 
  1 525  24  20 
  1 526  24  21 
  1 527  24  22 
  1 528  25   1 
  1 529  25   2 
  1 530  25   3 
  1 531  25   4 
  1 532  25   5 
  1 533  25   6 
  1 534  25   7 
  1 535  25   8 
  1 536  25   9 
  1 537  25  10 
  1 538  25  11 
  1 539  25  12 
  1 540  25  13 
  1 541  25  14 
  1 542  25  15 
  1 543  25  16 
  1 544  25  17 
  1 545  25  18 
  1 546  25  19 
  1 547  25  20 
  1 548  25  21 
  1 549  25  22 
  1 550  26   1 
  1 551  26   2 
  1 552  26   3 
  1 553  26   4 
  1 554  26   5 
  1 555  26   6 
  1 556  26   7 
  1 557  26   8 
  1 558  26   9 
  1 559  26  10 
  1 560  26  11 
  1 561  26  12 
  1 562  26  13 
  1 563  26  14 
  1 564  26  15 
  1 565  26  16 
  1 566  26  17 
  1 567  26  18 
  1 568  26  19 
  1 569  26  20 
  1 570  26  21 
  1 571  26  22 
  1 572  27   1 
  1 573  27   2 
  1 574  27   3 
  1 575  27   4 
  1 576  27   5 
  1 577  27   6 
  1 578  27   7 
  1 579  27   8 
  1 580  27   9 
  1 581  27  10 
  1 582  27  11 
  1 583  27  12 
  1 584  27  13 
  1 585  27  14 
  1 586  27  15 
  1 587  27  16 
  1 588  27  17 
  1 589  27  18 
  1 590  27  19 
  1 591  27  20 
  1 592  27  21 
  1 593  27  22 
  1 594  28   1 
  1 595  28   2 
  1 596  28   3 
  1 597  28   4 
  1 598  28   5 
  1 599  28   6 
  1 600  28   7 
  1 601  28   8 
  1 602  28   9 
  1 603  28  10 
  1 604  28  11 
  1 605  28  12 
  1 606  28  13 
  1 607  28  14 
  1 608  28  15 
  1 609  28  16 
  1 610  28  17 
  1 611  28  18 
  1 612  28  19 
  1 613  28  20 
  1 614  28  21 
  1 615  28  22 
  1 616  29   1 
  1 617  29   2 
  1 618  29   3 
  1 619  29   4 
  1 620  29   5 
  1 621  29   6 
  1 622  29   7 
  1 623  29   8 
  1 624  29   9 
  1 625  29  10 
  1 626  29  11 
  1 627  29  12 
  1 628  29  13 
  1 629  29  14 
  1 630  29  15 
  1 631  29  16 
  1 632  29  17 
  1 633  29  18 
  1 634  29  19 
  1 635  29  20 
  1 636  29  21 
  1 637  29  22 
  1 638  30   1 
  1 639  30   2 
  1 640  30   3 
  1 641  30   4 
  1 642  30   5 
  1 643  30   6 
  1 644  30   7 
  1 645  30   8 
  1 646  30   9 
  1 647  30  10 
  1 648  30  11 
  1 649  30  12 
  1 650  30  13 
  1 651  30  14 
  1 652  30  15 
  1 653  30  16 
  1 654  30  17 
  1 655  30  18 
  1 656  30  19 
  1 657  30  20 
  1 658  30  21 
  1 659  30  22 
  1 660  31   1 
  1 661  31   2 
  1 662  31   3 
  1 663  31   4 
  1 664  31   5 
  1 665  31   6 
  1 666  31   7 
  1 667  31   8 
  1 668  31   9 
  1 669  31  10 
  1 670  31  11 
  1 671  31  12 
  1 672  31  13 
  1 673  31  14 
  1 674  31  15 
  1 675  31  16 
  1 676  31  17 
  1 677  31  18 
  1 678  31  19 
  1 679  31  20 
  1 680  31  21 
  1 681  31  22 
  1 682  32   1 
  1 683  32   2 
  1 684  32   3 
  1 685  32   4 
  1 686  32   5 
  1 687  32   6 
  1 688  32   7 
  1 689  32   8 
  1 690  32   9 
  1 691  32  10 
  1 692  32  11 
  1 693  32  12 
  1 694  32  13 
  1 695  32  14 
  1 696  32  15 
  1 697  32  16 
  1 698  32  17 
  1 699  32  18 
  1 700  32  19 
  1 701  32  20 
  1 702  32  21 
  1 703  32  22 
  1 704  33   1 
  1 705  33   2 
  1 706  33   3 
  1 707  33   4 
  1 708  33   5 
  1 709  33   6 
  1 710  33   7 
  1 711  33   8 
  1 712  33   9 
  1 713  33  10 
  1 714  33  11 
  1 715  33  12 
  1 716  33  13 
  1 717  33  14 
  1 718  33  15 
  1 719  33  16 
  1 720  33  17 
  1 721  33  18 
  1 722  33  19 
  1 723  33  20 
  1 724  33  21 
  1 725  33  22 
  1 726  34   1 
  1 727  34   2 
  1 728  34   3 
  1 729  34   4 
  1 730  34   5 
  1 731  34   6 
  1 732  34   7 
  1 733  34   8 
  1 734  34   9 
  1 735  34  10 
  1 736  34  11 
  1 737  34  12 
  1 738  34  13 
  1 739  34  14 
  1 740  34  15 
  1 741  34  16 
  1 742  34  17 
  1 743  34  18 
  1 744  34  19 
  1 745  34  20 
  1 746  34  21 
  1 747  34  22 
